1
800
0.8556871
4.090175
3.394369
3.4504116
1.5462931
1.147238
1.4115434
0.0
1.6639166
0.5250224
0.09679448
2.6024754
5.3440585
3.3060374
0.0
0.560848
0.6620529
0.0
0.53676975
1.0196284
1.5091465
3.5074759
3.6381726
2.3675895
0.0
0.16604076
0.0
0.0
0.0
1.301868
0.17132339
0.75057685
1.3937491
0.0
6.678571
0.16560361
0.0
0.0
4.1986504
6.8807216
0.16532597
0.0
0.0
1.613449
5.907348
0.0
0.0
0.0
1.9174644
6.63649
0.06954756
0.17668213
0.0
0.0
0.08281581
0.06114503
0.0
0.645657
0.0
1.8750936
0.06399998
0.0
0.0
0.117466554
1.8537836
0.10919689
0.0
0.0
0.0
0.8527411
0.0
0.0
0.0
0.0
1.806186
1.5299629
10.013702
10.285483
10.069456
4.700366
0.47984058
0.0
0.0
2.0129254
3.6492321
0.65771306
7.052552
8.555957
4.090128
1.8855014
0.040744133
0.0
0.0
7.389707
4.636497
3.5196912
8.735741
10.55979
5.608788
2.9188738
0.889506
0.0
0.0
0.0
0.25010613
3.2540147
2.9484472
1.082365
0.91538984
0.0
1.091393
1.439886
0.0
0.0
0.0
1.3580784
3.7534726
3.7016957
0.14330907
0.07224056
2.7087057
0.0
1.4820923
1.312006
0.0
1.6082336
0.9388953
1.1969982
0.0
0.0
1.5760792
4.059356
5.9888654
5.991381
0.6040315
0.9156276
3.2130597
1.190967
0.4870235
2.42872
0.06573063
4.5260067
9.00026
7.155499
0.0
3.4902737
4.6424737
0.0
1.3985124
1.7704546
1.6042495
2.5021865
0.0
0.045285564
0.0
0.0
1.6930186
0.0
0.7510697
0.0
0.8506154
2.1127832
0.82455915
0.0
0.0
0.5196231
0.093171164
0.88325703
1.675498
0.0
1.7619518
1.0341661
0.0
0.36430463
0.0
0.088167295
0.0
0.0
0.0
0.0
1.7401316
7.993456
8.52363
2.469413
1.3073084
0.104925215
0.0
2.0280724
3.4379907
3.2595527
0.4968331
6.268053
7.9316845
2.330231
0.0
0.0
1.2160116
0.0
5.2160316
3.8262966
1.7307023
0.0
0.0
0.0
1.6814461
2.8149188
0.0
1.338158
0.135023
2.0890834
0.9476814
2.144846
0.3986974
0.0
3.8041666
0.5885374
1.1136808
1.651319
0.0
2.254781
1.630945
0.0
0.5642383
0.0
2.0205636
0.16889614
2.623006
5.318771
4.6028595
0.0
1.3867208
5.8683877
5.1838655
1.5135669
0.6890728
0.07353919
4.0122366
7.9941993
4.6584826
0.0
0.162798
3.07133
3.6058452
2.4057086
0.17305183
1.8118056
4.5758066
4.7759767
6.544037
1.0299907
1.1812111
2.704083
4.8379703
3.113593
0.0
1.1787398
3.728866
4.243013
4.1418715
2.1809733
0.7914015
4.2124157
4.308155
0.54082507
2.3597941
0.041737847
1.8762321
4.585638
3.794404
1.0319899
3.7453094
5.9633446
3.9868786
2.256784
2.8430235
0.0
0.0
0.0
0.0
0.09238769
0.7187214
6.5929494
6.9134235
0.0
5.0881667
0.0
0.0
0.0
6.200865
7.8881073
0.0
3.654389
5.7406797
0.69663197
2.5434911
0.0
0.0
0.0
4.5132184
7.7471013
3.3041956
6.878493
7.5988092
6.546513
1.2786776
0.0
0.0
0.0
0.0
0.0
0.7496776
4.5830107
6.7394795
0.0
0.0
0.55111206
0.0
0.0
0.0
0.0
5.607536
8.344235
4.684744
0.0
0.0
0.20246261
1.8908491
2.8941429
5.8248596
6.2720013
0.71780556
0.0
0.0
1.0758843
6.7204676
0.22559467
0.79517794
2.5067487
5.381617
3.3771656
0.3797071
1.1433176
0.0
6.2956657
6.531706
0.0
4.5843883
4.7216306
0.48793623
5.2135186
2.34384
3.5455604
0.76587355
0.08676634
0.0
0.52261645
3.104607
0.07383228
1.797738
0.0
0.719909
3.4914887
1.1209307
0.0
0.0
0.26313433
1.9465785
2.9442904
2.3203511
0.0
3.2156465
4.189868
0.0
0.5440704
0.0
0.8700687
3.6906793
0.8540172
1.3536931
0.0
3.085451
4.749387
0.0
1.4521194
0.0
0.1099249
3.5673718
6.8269477
5.9474087
0.0
0.6983787
3.5867772
0.0
0.0
0.0
2.4240909
1.0343623
4.2893167
4.4073405
0.0
0.0
0.0
0.0
2.2095647
4.4960914
0.0
0.76951677
0.35134792
4.046888
8.394938
0.0
0.0
0.0
9.023995
4.4666734
0.0
0.0
0.0
3.2505584
7.0236588
0.0
0.31717744
0.031248223
7.967107
8.249098
0.34549642
1.3748298
1.3404776
1.4902469
0.0
0.39799336
5.646234
6.1025987
7.4151006
0.0
0.0
3.3819656
2.9400012
0.59914196
0.468535
0.0
4.640007
7.05884
5.9663634
0.0
2.4213135
5.6586556
0.3050072
0.97290534
0.46132594
0.0
0.0
0.0
0.0
0.0
4.3753433
7.511367
4.4400735
0.7146777
0.0
0.04972138
0.0
0.0
0.0
0.0
1.7106643
10.131718
8.714187
3.7927423
0.0
2.8036683
0.0
0.0
0.0
0.0
0.70176625
1.5280821
2.596239
1.7544782
1.4360278
1.8130018
0.97614545
1.018294
0.0069116848
1.1805999
0.6223488
1.3895779
2.8982234
2.0072365
0.35857242
0.7832251
1.7617961
0.44486436
0.0
1.4829726
1.0372626
1.5493556
2.9675539
2.3852928
0.5431795
0.0295086
3.3181787
0.0
0.54862314
0.0
0.0
3.8863685
1.955064
7.605318
0.0
0.0
3.266686
2.8673213
3.8641708
0.0
0.0
3.633478
4.7248425
8.620459
0.0
0.49750903
1.8443342
0.0
6.709711
0.0
0.0
0.0
0.0
0.0
0.23489346
0.0
0.0
0.0
0.0
0.33658296
0.0
0.0
0.0
0.0
0.029749947
0.0
0.0
0.0
0.0
0.2634236
0.0
0.0
0.0
0.0
0.11531254
1.8861719
0.81834066
2.4721289
1.9994254
1.2783242
2.18209
2.3617945
4.3899145
3.4703553
1.8187561
0.53483367
2.0317636
4.5320187
3.1742773
1.2653238
0.65185606
2.9980028
3.7474365
3.0223134
1.6574295
1.1274605
1.6421466
4.154051
3.5532806
1.6735961
0.0
2.597346
1.3248967
2.3225923
0.53125477
0.0
1.5275489
0.0
5.3567047
0.6712893
0.0
1.5414636
2.4197092
4.672751
0.0
0.0
1.0762916
0.08385921
4.049386
0.0
0.0
1.7207348
0.6470263
5.796184
0.0
1.8472595
3.5900557
5.6440463
4.496516
0.0
1.4623532
5.2405167
6.220568
6.933813
3.840024
1.2381071
6.3528047
5.847592
2.1758754
3.0719335
0.18042745
4.28101
8.537048
8.823188
1.2972275
4.7535405
7.3727474
4.0329247
5.8386807
3.5168054
0.16191322
0.0
0.0
0.0
0.0
1.8431914
9.580118
8.566139
5.0918226
0.0
0.8308528
1.7726809
0.0
0.0
0.24065353
1.0406808
6.9057164
8.982074
5.6939445
0.0
0.0
0.0
1.6399004
2.7271163
0.0
1.153116
2.5140831
1.2569664
1.0695207
0.0
0.018777095
2.676349
4.428388
0.37621495
1.0946352
0.43609366
3.4271655
0.40648577
1.0599086
1.5020279
0.88303834
1.1455734
0.0
1.3138038
0.07000647
1.675818
1.4008957
0.72346574
0.0
1.4567462
0.0
3.6957352
5.4761863
1.867621
2.0886283
1.1622654
6.220768
2.0108204
5.9626923
2.2910895
0.0
3.3594737
4.9538445
9.056813
0.0
0.06125473
3.8232512
0.0
0.0
1.3320763
1.7205635
2.0306025
4.818558
10.079251
2.031584
1.8388293
2.013531
0.47744003
0.0
0.25720245
0.67699516
2.324043
0.63770586
1.9126562
0.0
0.5572966
2.367144
0.2987322
0.0
0.68238205
0.29903156
0.80908495
2.2330918
2.3851435
0.0
1.6538993
2.2148776
0.0
1.7513181
0.006332087
0.72775316
0.82295007
0.1012156
0.0
0.0
1.9012846
2.5584424
3.5773811
5.331667
0.0
0.34280482
1.4564238
1.2781135
0.49604666
0.0
0.7237576
3.1214833
5.920998
5.1012635
0.0
2.2117164
0.5648342
1.8116405
4.2837033
0.0
1.6273409
3.8092797
0.0
0.0
0.0
3.233349
3.307495
4.683827
5.7946844
0.0
0.40904963
3.4991522
3.2296932
0.4817584
0.10252052
0.86142904
3.3480024
3.7943318
4.076122
0.0
3.0775058
0.85735285
2.81112
4.896671
0.0
0.4123207
0.9462311
3.110529
1.9374387
2.5599756
0.0
1.0156355
1.030305
2.3701823
3.5192595
0.0
0.0
1.8067412
3.9453704
1.0281583
0.10270337
0.99336153
0.20413828
0.0
2.7315912
0.0
1.9065292
1.3586063
4.2136855
3.468062
