1
800
1.1904078
4.749546
4.6460752
3.0349867
0.1069662
1.327928
1.479395
3.137791
2.3938606
0.0
0.8116048
3.5339723
3.5523424
2.9168818
2.0660686
1.2122046
3.9260302
3.8689156
1.5979528
1.3257022
0.0
0.0
1.5444984
0.0
0.0
0.0
0.0
0.0
0.573261
0.4091139
0.0
0.0
0.0
5.0678782
2.7420847
0.16300307
0.0
0.0
5.352691
3.8199158
0.169753
0.0
0.0
0.11354805
5.4040546
0.16532597
0.0
0.0
7.775379
3.7718706
0.07477836
0.26110545
0.27077314
0.07853925
0.07285405
0.0
0.0
0.0
0.0
0.94050676
0.064224586
0.0
0.0
0.0
1.94174
0.06555338
0.0
0.0
0.0
0.10709252
0.063450806
0.0
0.0
0.017456118
1.4684309
3.6885805
11.246831
10.176798
6.421265
0.30899036
0.99993104
4.662183
9.443935
8.435267
2.1172254
1.0241169
5.7159705
6.0816774
5.364201
6.639039
1.879114
9.636065
9.769561
6.840073
8.923164
0.0
0.0
1.871668
3.6520758
1.1509928
0.80262154
0.0
0.0
0.18143968
0.21254563
3.7973013
4.442966
0.0
0.0
0.17107098
0.537781
2.6615465
3.1168156
0.0
0.020729205
3.5236504
3.965538
0.0
0.0
0.0
1.23926
3.4753814
2.432934
0.0
0.13667087
2.1671126
0.0
0.0
0.0
0.031666417
3.6985433
8.034846
7.922593
1.5972116
0.041972216
0.59193456
2.5306518
6.3003798
2.6539013
0.0
2.4730096
6.74051
5.2429223
2.5505538
5.693083
0.10112195
5.1235175
6.061765
0.29222345
3.9761403
2.2952633
1.4369437
0.0
0.0
0.0
0.5764411
1.6853453
0.120001666
0.0
0.0
1.979232
1.9092385
0.6583047
2.4128082
0.0
1.2452574
3.502882
0.26645884
0.0
0.0
0.0
0.69293404
2.361208
0.0
0.0
0.0
0.0
0.0
0.0
0.13512762
3.1127062
6.1415315
6.4822364
0.0
0.13188498
0.8894744
2.4378886
2.4186447
0.0
0.0
1.5004982
5.748256
5.170184
4.144039
7.2807198
1.3226297
3.738226
2.5426354
1.4592113
1.9234269
1.1412605
0.0
0.37693405
1.2720078
1.0487204
2.598576
1.1946447
0.16834845
0.8748094
2.6934311
0.66378057
0.22117014
0.7083119
0.0
3.3559756
2.3999217
0.0
0.0
1.639522
1.1042951
0.2525116
0.0
1.5495573
3.061982
2.2757277
0.19570342
1.4664328
0.10454728
0.0
0.0
1.9792556
6.986323
6.029411
1.6688758
0.0
0.33711988
0.03489187
0.0
0.0
0.0
1.6679384
4.0656424
5.9954486
3.569967
4.4630065
0.97547436
1.4698031
2.223805
1.3550327
0.0
1.9007274
1.3458102
0.0
0.0
0.0
2.831726
5.8731036
4.9594526
2.4903374
0.21892758
0.0
0.0
0.27070332
0.37427613
0.7307031
1.5961002
4.1762657
4.088295
3.6223018
4.2728157
0.0
0.0
0.0
1.0330398
0.78120565
0.0
0.0
0.0
0.0
0.0
1.7466152
4.7354326
2.5711875
1.9324498
2.0868146
0.82356083
4.035983
4.1735516
2.1516852
2.48665
0.0
0.043834154
0.22636674
5.0632133
7.4674478
1.0777221
4.073638
2.78694
9.624546
8.734645
5.4881015
9.076064
8.256085
3.9802005
0.16048032
0.0
0.0
1.6494033
1.5021802
0.0027341652
3.057266
6.227757
3.6281571
0.0
3.1103928
1.9715649
6.075223
3.914769
0.0
0.39139166
0.0
0.0
0.0
0.0
0.0
0.022017451
3.322683
4.805327
5.516612
0.77123725
0.6552112
0.0
2.1137223
7.3880596
3.9364376
0.5881697
3.5484886
3.0940344
5.6783957
6.5817847
0.23177348
0.4920788
2.8296087
1.3651522
5.2592306
1.0281315
0.6615914
0.0
6.2287884
2.0060806
3.6267695
2.4798646
0.0
0.0
0.0
2.2586648
4.612261
2.440048
0.0
0.0
1.9253958
1.6382674
1.0796231
0.074003875
0.0
1.8720644
4.1962414
1.813969
0.0
0.0
0.27737147
1.681481
3.6112041
0.0
0.0
1.4974778
2.6201072
2.205284
0.36497286
0.0
3.848231
2.5723252
0.0
0.0
0.0
0.36893657
1.8752193
5.1296268
1.0437803
0.0
3.1629293
4.197951
5.746074
0.7677653
0.0
1.1491581
0.64714724
3.9211073
0.0
0.0
0.0
0.0
1.2485738
2.2583985
0.5537026
0.0
0.0
0.020382222
7.6466074
3.5521774
0.0
0.0
0.0
8.75542
4.227789
0.0
0.0
0.0
4.323507
4.844002
0.0
0.0
0.0
8.331458
0.75279397
1.0979648
0.97739774
0.0
0.0
0.0
2.231933
6.668033
6.7052627
4.177711
0.0
0.0855753
0.0
4.1953945
4.0012946
0.0
0.54773295
6.6090603
6.6813455
2.5401945
4.720611
0.0
2.1097417
4.400824
0.9863053
0.4245444
0.0
0.0
0.0
0.0
0.0
7.3411765
10.451037
4.790991
0.0
0.0
1.9422759
6.865321
7.8490925
0.0
0.0
5.231724
7.7472353
0.0
0.0
0.41569152
2.8512082
8.84129
5.3756585
0.0
0.60615635
0.65947026
1.3109443
1.1944412
1.1243198
0.3704067
1.9385054
1.3881365
0.9373483
1.787941
1.1775604
1.0168592
1.2358501
1.8751833
0.0
0.9572206
1.8138634
1.7392079
3.489725
0.48247546
1.8273991
1.4310079
1.4100765
1.2949558
0.0
0.3536628
0.58837306
3.35784
0.38644677
0.0
0.0
0.9149584
4.679692
5.647895
6.0506606
0.0
0.0
1.4358369
6.994713
10.558151
0.0
0.0
5.3086095
6.61653
6.369003
0.895078
0.0
3.1315665
11.153838
5.794968
1.2198769
0.0
0.0
0.0
0.11246193
0.21136609
0.0
0.0
0.0
0.0
0.19733779
0.0
0.0
0.0
0.0
0.105625235
0.066703774
0.0
0.0
0.0
0.0
0.0
0.0
0.0
0.0
0.0
1.8895047
1.7769371
1.2315208
0.9877857
0.520295
3.0455093
3.3757646
4.6248627
1.415322
2.051484
1.5537953
1.8400992
5.341701
1.7620423
1.7755486
2.6823194
2.9524903
5.6449776
3.2130513
2.4270122
1.401919
2.5948243
4.761539
3.1532028
1.9236995
0.061077822
2.707615
2.7777157
1.835346
0.0
0.0
1.1500916
2.7384486
3.6861658
0.0
0.0
1.8801824
2.502851
6.6053367
1.3703431
0.0
2.7867424
2.777679
4.751933
0.8857329
0.0
0.25305817
4.6455913
5.214815
0.0
3.2071006
3.144422
0.19326738
0.016462388
0.105373494
4.091394
7.6725135
8.934398
6.4171333
0.11093147
0.8717541
1.2084194
6.2746596
6.3493257
0.0
2.7028894
8.0076475
7.553493
7.3805304
6.547336
0.08835483
3.936364
5.875714
4.722159
4.17417
0.0
0.0
0.0
0.0
0.020029718
3.6280127
7.0283895
2.562072
0.0
0.012433287
2.1617706
8.110056
9.402401
1.8814692
0.0
0.18393305
1.966868
0.0
0.0
0.0
2.0077376
8.571859
7.298009
1.6327229
6.25199
1.4846662
2.2032588
0.32223582
0.0
0.0212128
0.0
0.0
0.0
0.71672714
0.01517252
1.6738564
3.1235988
1.2315739
1.0962002
1.4317813
0.016530104
0.0
0.0
0.0
1.2881211
0.032728933
0.11048426
1.2541339
0.0
2.3573802
0.0
1.5407946
0.99225867
1.7332335
0.7484371
1.7313415
3.618793
2.593779
1.71144
0.9368888
0.0
0.0
0.99204814
2.067826
2.0182955
1.6492908
2.8001957
4.648856
6.081612
4.574063
0.3497241
0.5209569
1.7692213
3.38237
0.0
2.2358565
0.94110936
0.0
0.20000051
0.21257891
1.8032418
2.2853148
1.6751226
0.2902235
0.2284097
1.0502238
0.32359618
1.7793691
1.2979665
0.1500925
1.5619887
2.4354076
1.1409737
0.2993061
0.8010746
0.1888616
0.99460757
2.000364
0.0
0.62773615
0.5907561
0.10717228
0.020864232
0.0
0.0
3.1602547
4.423057
2.359361
0.0
0.0
0.061027974
2.8265116
4.7809024
2.245276
0.0
2.0186617
3.9451668
0.43564665
0.8701511
0.0
0.0
4.092599
4.4397454
0.0
1.9247874
2.3766167
2.3576527
0.0
0.0
0.0
4.303379
3.235136
2.642667
0.0
0.0
0.3330433
2.4844127
5.279008
1.4295034
0.0
3.3010533
3.150684
1.8356816
0.029050475
0.0
0.92617065
2.6656635
6.5547986
0.0
0.446116
0.17271762
1.963237
1.8281256
2.2431276
0.8075543
0.0
0.68749034
2.338518
2.2325528
1.9967753
0.19601664
0.0
0.4248893
1.8282899
1.5840703
0.0
0.5176355
1.7191194
2.877506
3.3307464
0.0
0.0
0.0
2.5466473
0.82025087
