1
1
28
28
-0.42421296
-0.42421296
-0.42421296
-0.42421296
-0.42421296
-0.42421296
-0.42421296
-0.42421296
-0.42421296
-0.42421296
-0.42421296
-0.42421296
-0.42421296
-0.42421296
-0.42421296
-0.42421296
-0.42421296
-0.42421296
-0.42421296
-0.42421296
-0.42421296
-0.42421296
-0.42421296
-0.42421296
-0.42421296
-0.42421296
-0.42421296
-0.42421296
-0.42421296
-0.42421296
-0.42421296
-0.42421296
-0.42421296
-0.42421296
-0.42421296
-0.42421296
-0.42421296
-0.42421296
-0.42421296
-0.42421296
-0.42421296
-0.42421296
-0.42421296
-0.42421296
-0.42421296
-0.42421296
-0.42421296
-0.42421296
-0.42421296
-0.42421296
-0.42421296
-0.42421296
-0.42421296
-0.42421296
-0.42421296
-0.42421296
-0.42421296
-0.42421296
-0.42421296
-0.42421296
-0.42421296
-0.42421296
-0.42421296
-0.42421296
-0.42421296
-0.42421296
-0.42421296
-0.42421296
-0.42421296
-0.42421296
-0.42421296
-0.42421296
-0.42421296
-0.42421296
-0.42421296
-0.42421296
-0.42421296
-0.42421296
-0.42421296
-0.42421296
-0.42421296
-0.42421296
-0.42421296
-0.42421296
-0.42421296
-0.42421296
-0.42421296
-0.42421296
-0.42421296
-0.42421296
-0.42421296
-0.42421296
-0.42421296
-0.42421296
-0.42421296
-0.42421296
-0.42421296
-0.42421296
-0.42421296
-0.42421296
-0.42421296
-0.42421296
-0.42421296
-0.42421296
-0.42421296
-0.42421296
-0.42421296
-0.42421296
-0.42421296
-0.42421296
-0.42421296
-0.42421296
-0.42421296
-0.42421296
-0.42421296
-0.42421296
-0.42421296
-0.42421296
-0.42421296
-0.42421296
-0.42421296
-0.42421296
-0.42421296
-0.42421296
-0.42421296
-0.42421296
-0.42421296
-0.42421296
-0.42421296
-0.42421296
-0.42421296
-0.42421296
-0.42421296
-0.42421296
-0.42421296
-0.42421296
-0.42421296
-0.42421296
-0.42421296
-0.42421296
-0.42421296
-0.42421296
-0.42421296
-0.42421296
-0.42421296
-0.42421296
-0.42421296
-0.42421296
-0.42421296
-0.42421296
-0.42421296
-0.42421296
-0.42421296
-0.42421296
-0.42421296
-0.42421296
-0.42421296
-0.42421296
-0.42421296
-0.42421296
-0.42421296
-0.42421296
-0.42421296
-0.42421296
-0.42421296
-0.42421296
-0.42421296
-0.42421296
-0.42421296
-0.42421296
-0.42421296
-0.42421296
-0.42421296
-0.42421296
-0.42421296
-0.42421296
-0.42421296
-0.42421296
-0.42421296
-0.42421296
-0.42421296
-0.42421296
-0.42421296
-0.42421296
-0.42421296
-0.42421296
-0.42421296
-0.42421296
-0.42421296
-0.42421296
-0.42421296
-0.42421296
-0.42421296
-0.42421296
-0.42421296
-0.42421296
-0.42421296
-0.42421296
-0.42421296
-0.42421296
-0.42421296
-0.42421296
-0.42421296
-0.42421296
-0.42421296
-0.42421296
-0.41148472
-0.19510475
0.77224106
2.3759985
1.6632175
2.5923786
1.4468375
-0.2842024
-0.42421296
-0.42421296
-0.42421296
-0.42421296
-0.42421296
-0.42421296
-0.42421296
-0.42421296
-0.42421296
-0.42421296
-0.42421296
-0.42421296
-0.42421296
-0.42421296
-0.42421296
-0.42421296
-0.42421296
-0.42421296
-0.42421296
-0.42421296
1.4850222
2.8087585
2.8087585
2.8087585
2.8087585
2.8087585
2.8087585
2.0705209
-0.42421296
-0.42421296
-0.42421296
-0.42421296
-0.42421296
-0.42421296
-0.42421296
-0.42421296
-0.42421296
-0.42421296
-0.42421296
-0.42421296
-0.42421296
-0.42421296
-0.42421296
-0.42421296
-0.42421296
-0.42421296
-0.42421296
0.50494814
2.7705739
2.8087585
2.8087585
2.8087585
2.8087585
2.8087585
2.8087585
2.668748
-0.42421296
-0.42421296
-0.42421296
-0.42421296
-0.42421296
-0.42421296
-0.42421296
-0.42421296
-0.42421296
-0.42421296
-0.42421296
-0.42421296
-0.42421296
-0.42421296
-0.42421296
-0.42421296
-0.42421296
-0.42421296
-0.42421296
0.95043623
2.8087585
2.2996292
1.905054
0.8486104
2.2614443
2.8087585
2.8087585
1.523207
-0.42421296
-0.42421296
-0.42421296
-0.42421296
-0.42421296
-0.42421296
-0.42421296
-0.42421296
-0.42421296
-0.42421296
-0.42421296
-0.42421296
-0.42421296
-0.42421296
-0.42421296
-0.42421296
-0.42421296
-0.42421296
-0.42421296
0.95043623
2.8087585
1.0140774
-0.42421296
-0.42421296
2.0705209
2.8087585
2.8087585
2.3887267
-0.42421296
-0.42421296
-0.42421296
-0.42421296
-0.42421296
-0.42421296
-0.42421296
-0.42421296
-0.42421296
-0.42421296
-0.42421296
-0.42421296
-0.42421296
-0.42421296
-0.42421296
-0.42421296
-0.42421296
-0.42421296
-0.42421296
1.5741198
2.8087585
1.7650434
0.7213281
0.8995233
2.732389
2.8087585
2.8087585
2.732389
0.14855757
-0.42421296
-0.42421296
-0.42421296
-0.42421296
-0.42421296
-0.42421296
-0.42421296
-0.42421296
-0.42421296
-0.42421296
-0.42421296
-0.42421296
-0.42421296
-0.42421296
-0.42421296
-0.42421296
-0.42421296
-0.42421296
2.4141831
2.8087585
2.8087585
2.5414655
2.3250856
2.8087585
2.8087585
2.8087585
2.8087585
0.8995233
-0.42421296
-0.42421296
-0.42421296
-0.42421296
-0.42421296
-0.42421296
-0.42421296
-0.42421296
-0.42421296
-0.42421296
-0.42421296
-0.42421296
-0.42421296
-0.42421296
-0.42421296
-0.42421296
-0.42421296
-0.42421296
0.18674228
2.732389
2.8087585
2.8087585
2.8087585
2.8087585
2.8087585
2.8087585
2.3759985
-0.42421296
-0.42421296
-0.42421296
-0.42421296
-0.42421296
-0.42421296
-0.42421296
-0.42421296
-0.42421296
-0.42421296
-0.42421296
-0.42421296
-0.42421296
-0.42421296
-0.42421296
-0.42421296
-0.42421296
-0.42421296
-0.42421296
-0.42421296
1.4213811
1.6632175
2.8087585
2.8087585
2.8087585
2.8087585
2.8087585
-0.3605718
-0.42421296
-0.42421296
-0.42421296
-0.42421296
-0.42421296
-0.42421296
-0.42421296
-0.42421296
-0.42421296
-0.42421296
-0.42421296
-0.42421296
-0.42421296
-0.42421296
-0.42421296
-0.42421296
-0.42421296
-0.42421296
-0.42421296
-0.42421296
-0.42421296
-0.3223871
0.7976975
2.0577927
1.1286315
2.5796502
2.8087585
-0.3605718
-0.42421296
-0.42421296
-0.42421296
-0.42421296
-0.42421296
-0.42421296
-0.42421296
-0.42421296
-0.42421296
-0.42421296
-0.42421296
-0.42421296
-0.42421296
-0.42421296
-0.42421296
-0.42421296
-0.42421296
-0.42421296
-0.42421296
-0.42421296
-0.42421296
-0.42421296
-0.42421296
-0.42421296
1.7268586
2.8087585
2.8087585
-0.3605718
-0.42421296
-0.42421296
-0.42421296
-0.42421296
-0.42421296
-0.42421296
-0.42421296
-0.42421296
-0.42421296
-0.42421296
-0.42421296
-0.42421296
-0.42421296
-0.42421296
-0.42421296
-0.42421296
-0.42421296
-0.42421296
-0.42421296
-0.42421296
-0.42421296
-0.42421296
-0.42421296
-0.42421296
2.0705209
2.8214867
2.8087585
-0.3605718
-0.42421296
-0.42421296
-0.42421296
-0.42421296
-0.42421296
-0.42421296
-0.42421296
-0.42421296
-0.42421296
-0.42421296
-0.42421296
-0.42421296
-0.42421296
-0.42421296
-0.42421296
-0.42421296
-0.42421296
-0.42421296
-0.42421296
-0.42421296
-0.42421296
-0.42421296
-0.42421296
-0.42421296
2.0705209
2.8087585
2.1723468
-0.38602826
-0.42421296
-0.42421296
-0.42421296
-0.42421296
-0.42421296
-0.42421296
-0.42421296
-0.42421296
-0.42421296
-0.42421296
-0.42421296
-0.42421296
-0.42421296
-0.42421296
-0.42421296
-0.42421296
-0.42421296
-0.42421296
-0.42421296
-0.42421296
-0.42421296
-0.42421296
-0.42421296
-0.38602826
2.1087058
2.8087585
1.306827
-0.42421296
-0.42421296
-0.42421296
-0.42421296
-0.42421296
-0.42421296
-0.42421296
-0.42421296
-0.42421296
-0.42421296
-0.42421296
-0.42421296
-0.42421296
-0.42421296
-0.42421296
-0.42421296
-0.42421296
-0.42421296
-0.42421296
-0.42421296
-0.42421296
-0.42421296
-0.42421296
-0.42421296
0.25038344
2.732389
2.8087585
-0.13146357
-0.42421296
-0.42421296
-0.42421296
-0.42421296
-0.42421296
-0.42421296
-0.42421296
-0.42421296
-0.42421296
-0.42421296
-0.42421296
-0.42421296
-0.42421296
-0.42421296
-0.42421296
-0.42421296
-0.42421296
-0.42421296
-0.42421296
-0.42421296
-0.42421296
-0.42421296
-0.42421296
-0.42421296
-0.27147415
2.2105315
2.8087585
0.14855757
-0.42421296
-0.42421296
-0.42421296
-0.42421296
-0.42421296
-0.42421296
-0.42421296
-0.42421296
-0.42421296
-0.42421296
-0.42421296
-0.42421296
-0.42421296
-0.42421296
-0.42421296
-0.42421296
-0.42421296
-0.42421296
-0.42421296
-0.42421296
-0.42421296
-0.42421296
-0.42421296
-0.42421296
0.33948106
2.8087585
2.8087585
1.3704681
-0.42421296
-0.42421296
-0.42421296
-0.42421296
-0.42421296
-0.42421296
-0.42421296
-0.42421296
-0.42421296
-0.42421296
-0.42421296
-0.42421296
-0.42421296
-0.42421296
-0.42421296
-0.42421296
-0.42421296
-0.42421296
-0.42421296
-0.42421296
-0.42421296
-0.42421296
-0.42421296
-0.42421296
0.09764464
2.566922
2.8087585
0.8867951
-0.42421296
-0.42421296
-0.42421296
-0.42421296
-0.42421296
-0.42421296
-0.42421296
-0.42421296
-0.42421296
-0.42421296
-0.42421296
-0.42421296
-0.42421296
-0.42421296
-0.42421296
-0.42421296
-0.42421296
-0.42421296
-0.42421296
-0.42421296
-0.42421296
-0.42421296
-0.42421296
-0.42421296
-0.11873534
2.3632703
1.7650434
-0.37330002
-0.42421296
-0.42421296
-0.42421296
-0.42421296
-0.42421296
-0.42421296
-0.42421296
-0.42421296
-0.42421296
-0.42421296
-0.42421296
-0.42421296
-0.42421296
-0.42421296
-0.42421296
-0.42421296
-0.42421296
-0.42421296
-0.42421296
-0.42421296
-0.42421296
-0.42421296
-0.42421296
-0.42421296
-0.016909458
2.4650962
0.8995233
-0.42421296
-0.42421296
-0.42421296
-0.42421296
-0.42421296
-0.42421296
-0.42421296
-0.42421296
-0.42421296
-0.42421296
-0.42421296
-0.42421296
-0.42421296
-0.42421296
-0.42421296
-0.42421296
-0.42421296
-0.42421296
-0.42421296
-0.42421296
-0.42421296
-0.42421296
-0.42421296
-0.42421296
-0.42421296
-0.42421296
-0.42421296
-0.42421296
-0.42421296
-0.42421296
-0.42421296
-0.42421296
-0.42421296
-0.42421296
-0.42421296
-0.42421296
-0.42421296
-0.42421296
-0.42421296
-0.42421296
