1
16
26
26
0.28784597
0.28784597
0.28784597
0.28784597
0.28784597
0.28784597
0.28784597
0.28784597
0.28784597
0.28784597
0.28784597
0.28784597
0.28784597
0.28784597
0.28784597
0.28784597
0.28784597
0.28784597
0.28784597
0.28784597
0.28784597
0.28784597
0.28784597
0.28784597
0.28784597
0.28784597
0.28784597
0.28784597
0.28784597
0.28784597
0.28784597
0.28784597
0.28784597
0.28784597
0.28784597
0.28784597
0.28784597
0.28784597
0.28784597
0.28784597
0.28784597
0.28784597
0.28784597
0.28784597
0.28784597
0.28784597
0.28784597
0.28784597
0.28784597
0.28784597
0.28784597
0.28784597
0.28784597
0.28784597
0.28784597
0.28784597
0.28784597
0.28784597
0.28784597
0.28784597
0.28784597
0.28784597
0.28784597
0.28784597
0.28784597
0.28784597
0.28784597
0.28784597
0.28784597
0.28784597
0.28784597
0.28784597
0.28784597
0.28784597
0.28784597
0.28784597
0.28784597
0.28784597
0.28784597
0.28784597
0.28784597
0.28784597
0.28784597
0.28784597
0.28784597
0.28784597
0.28784597
0.28784597
0.28784597
0.28784597
0.28784597
0.28784597
0.2115806
0.0
0.0
0.0
0.0
0.16024657
0.28784597
0.28784597
0.28784597
0.28784597
0.28784597
0.28784597
0.28784597
0.28784597
0.28784597
0.28784597
0.28784597
0.28784597
0.28784597
0.28784597
0.28784597
0.28784597
0.28784597
0.28784597
0.28784597
0.28784597
0.0
0.0
0.0
0.0
0.0
0.0
0.26282647
0.28784597
0.28784597
0.28784597
0.28784597
0.28784597
0.28784597
0.28784597
0.28784597
0.28784597
0.28784597
0.28784597
0.28784597
0.28784597
0.28784597
0.28784597
0.28784597
0.28784597
0.28784597
0.28784597
0.0
0.0
0.0
0.0
0.0
0.0
0.17439052
0.28784597
0.28784597
0.28784597
0.28784597
0.28784597
0.28784597
0.28784597
0.28784597
0.28784597
0.28784597
0.28784597
0.28784597
0.28784597
0.28784597
0.28784597
0.28784597
0.28784597
0.28784597
0.28784597
0.3658112
0.27049705
0.0
0.0
0.0
0.0
0.21053289
0.28784597
0.28784597
0.28784597
0.28784597
0.28784597
0.28784597
0.28784597
0.28784597
0.28784597
0.28784597
0.28784597
0.28784597
0.28784597
0.28784597
0.28784597
0.28784597
0.28784597
0.28784597
0.24789746
0.0
0.036749694
0.0
0.0
0.0
0.109954365
0.29896885
0.28784597
0.28784597
0.28784597
0.28784597
0.28784597
0.28784597
0.28784597
0.28784597
0.28784597
0.28784597
0.28784597
0.28784597
0.28784597
0.28784597
0.28784597
0.28784597
0.28784597
0.28784597
0.0
0.0
0.0
0.0
0.0
0.0
0.33289358
0.28784597
0.28784597
0.28784597
0.28784597
0.28784597
0.28784597
0.28784597
0.28784597
0.28784597
0.28784597
0.28784597
0.28784597
0.28784597
0.28784597
0.28784597
0.28784597
0.28784597
0.28784597
0.28784597
0.0
0.0
0.0
0.0
0.0
0.0
0.28784597
0.28784597
0.28784597
0.28784597
0.28784597
0.28784597
0.28784597
0.28784597
0.28784597
0.28784597
0.28784597
0.28784597
0.28784597
0.28784597
0.28784597
0.28784597
0.28784597
0.28784597
0.28784597
0.13894692
0.0
0.0
0.0
0.0
0.0
0.3829464
0.28784597
0.28784597
0.28784597
0.28784597
0.28784597
0.28784597
0.28784597
0.28784597
0.28784597
0.28784597
0.28784597
0.28784597
0.28784597
0.28784597
0.28784597
0.28784597
0.28784597
0.28784597
0.28784597
0.0
0.0
0.0
0.0
0.0
0.0
0.28784597
0.28784597
0.28784597
0.28784597
0.28784597
0.28784597
0.28784597
0.28784597
0.28784597
0.28784597
0.28784597
0.28784597
0.28784597
0.28784597
0.28784597
0.28784597
0.28784597
0.28784597
0.28784597
0.2115806
0.0
0.0
0.0
0.0
0.0
0.0
0.28784597
0.28784597
0.28784597
0.28784597
0.28784597
0.28784597
0.28784597
0.28784597
0.28784597
0.28784597
0.28784597
0.28784597
0.28784597
0.28784597
0.28784597
0.28784597
0.28784597
0.28784597
0.28784597
0.0
0.0
0.0
0.0
0.0
0.0
0.0
0.28784597
0.28784597
0.28784597
0.28784597
0.28784597
0.28784597
0.28784597
0.28784597
0.28784597
0.28784597
0.28784597
0.28784597
0.28784597
0.28784597
0.28784597
0.28784597
0.28784597
0.28784597
0.13894692
0.0
0.0
0.0
0.0
0.0
0.0
0.027032662
0.28784597
0.28784597
0.28784597
0.28784597
0.28784597
0.28784597
0.28784597
0.28784597
0.28784597
0.28784597
0.28784597
0.28784597
0.28784597
0.28784597
0.28784597
0.28784597
0.28784597
0.24789746
0.0
0.0
0.0
0.0
0.014579702
0.2001589
0.4246994
0.33344972
0.28784597
0.28784597
0.28784597
0.28784597
0.28784597
0.28784597
0.28784597
0.28784597
0.28784597
0.28784597
0.28784597
0.28784597
0.28784597
0.28784597
0.28784597
0.28784597
0.13894692
0.0
0.0
0.0
0.0
0.10468631
0.0
0.19408497
0.31565315
0.28784597
0.28784597
0.28784597
0.28784597
0.28784597
0.28784597
0.28784597
0.28784597
0.28784597
0.28784597
0.28784597
0.28784597
0.28784597
0.28784597
0.28784597
0.28784597
0.0
0.0
0.0
0.0
0.0
0.2746463
0.48403254
0.4246994
0.33344972
0.28784597
0.28784597
0.28784597
0.28784597
0.28784597
0.28784597
0.28784597
0.28784597
0.28784597
0.28784597
0.28784597
0.28784597
0.28784597
0.28784597
0.28784597
0.28784597
0.0
0.0
0.0
0.0
0.0
0.035811592
0.13471194
0.5338706
0.31565315
0.28784597
0.28784597
0.28784597
0.28784597
0.28784597
0.28784597
0.28784597
0.28784597
0.28784597
0.28784597
0.28784597
0.28784597
0.28784597
0.28784597
0.28784597
0.28784597
0.09899839
0.0
0.0
0.0
0.0
0.6123874
0.4157629
0.28477335
0.28784597
0.28784597
0.28784597
0.28784597
0.28784597
0.28784597
0.28784597
0.28784597
0.28784597
0.28784597
0.28784597
0.28784597
0.28784597
0.28784597
0.28784597
0.28784597
0.28784597
0.0
0.0
0.0
0.0
0.0
0.3031927
0.3972518
0.44424778
0.30453026
0.28784597
0.28784597
0.28784597
0.28784597
0.28784597
0.28784597
0.28784597
0.28784597
0.28784597
0.28784597
0.28784597
0.28784597
0.28784597
0.28784597
0.28784597
0.28784597
0.026364693
0.0
0.0
0.0
0.0
0.0
0.24986677
0.35569543
0.28784597
0.28784597
0.28784597
0.28784597
0.28784597
0.28784597
0.28784597
0.28784597
0.28784597
0.28784597
0.28784597
0.28784597
0.28784597
0.28784597
0.28784597
0.28784597
0.28784597
0.28784597
0.0014441469
0.0
0.0
0.0
0.0
0.0
0.16327883
0.28784597
0.28784597
0.28784597
0.28784597
0.28784597
0.28784597
0.28784597
0.28784597
0.28784597
0.28784597
0.28784597
0.28784597
0.28784597
0.28784597
0.28784597
0.28784597
0.28784597
0.28784597
0.28784597
0.60503805
1.405577
1.1074686
0.52458316
0.60386753
0.36502963
0.31064785
0.28784597
0.28784597
0.28784597
0.28784597
0.28784597
0.28784597
0.28784597
0.28784597
0.28784597
0.28784597
0.28784597
0.28784597
0.28784597
0.28784597
0.28784597
0.28784597
0.28784597
0.28784597
0.28784597
0.6283972
1.694291
1.4704052
0.82809997
0.42255822
0.30453026
0.28784597
0.28784597
0.28784597
0.28784597
0.28784597
0.28784597
0.28784597
0.28784597
0.28784597
0.28784597
0.28784597
0.28784597
0.28784597
0.28784597
0.28784597
0.28784597
0.28784597
0.28784597
0.28784597
0.28784597
0.28784597
0.28784597
0.28784597
0.28784597
0.28784597
0.28784597
0.28784597
0.28784597
0.28784597
0.28784597
0.28784597
0.28784597
0.28784597
0.28784597
0.28784597
0.28784597
0.28784597
0.28784597
0.28784597
0.28784597
0.28784597
0.28784597
0.28784597
0.0
0.0
0.0
0.0
0.0
0.0
0.0
0.0
0.0
0.0
0.0
0.0
0.0
0.0
0.0
0.0
0.0
0.0
0.0
0.0
0.0
0.0
0.0
0.0
0.0
0.0
0.0
0.0
0.0
0.0
0.0
0.0
0.0
0.0
0.0
0.0
0.0
0.0
0.0
0.0
0.0
0.0
0.0
0.0
0.0
0.0
0.0
0.0
0.0
0.0
0.0
0.0
0.0
0.0
0.0
0.0
0.0
0.0
0.0
0.0
0.0
0.0
0.0
0.0
0.0
0.0
0.0
0.0
0.0
0.0
0.0
0.0
0.0
0.0
0.0
0.0
0.0
0.0
0.0
0.0
0.0
0.0
0.0
0.0
0.0
0.0
0.0
0.0
0.0
0.0
0.0
0.0
0.0
0.0
0.18627109
0.5994234
0.0
0.0
0.0
0.0
0.0
0.0
0.0
0.0
0.0
0.0
0.0
0.0
0.0
0.0
0.0
0.0
0.0
0.0
0.0
0.0
0.0
0.0
0.0
0.0
0.1056937
0.921234
0.9952821
0.0
0.0
0.0
0.0
0.0
0.0
0.0
0.0
0.0
0.0
0.0
0.0
0.0
0.0
0.0
0.0
0.0
0.0
0.0
0.0
0.0
0.0
0.0
0.0
1.0548662
2.2255044
0.41625652
0.0
0.0
0.0
0.0
0.0
0.0
0.0
0.0
0.0
0.0
0.0
0.0
0.0
0.0
0.0
0.0
0.0
0.0
0.0
0.0
0.0
0.0
0.0
0.89325386
1.7664939
0.85875225
0.0
0.0
0.0
0.0
0.0
0.0
0.0
0.0
0.0
0.0
0.0
0.0
0.0
0.0
0.0
0.0
0.0
0.0
0.0
0.0
0.0
0.0
0.0
1.2546118
1.2487011
0.7028207
0.0
0.0
0.0
0.0
0.0
0.0
0.0
0.0
0.0
0.0
0.0
0.0
0.0
0.0
0.0
0.0
0.0
0.0
0.0
0.0
0.0
0.0
0.0
1.9740156
1.0477884
0.04925847
0.0
0.0
0.0
0.0
0.0
0.0
0.0
0.0
0.0
0.0
0.0
0.0
0.0
0.0
0.0
0.0
0.0
0.0
0.0
0.0
0.0
0.0
0.4127825
1.6521379
0.9292219
0.0
0.0
0.0
0.0
0.0
0.0
0.0
0.0
0.0
0.0
0.0
0.0
0.0
0.0
0.0
0.0
0.0
0.0
0.0
0.0
0.0
0.0
0.23998477
1.3768967
1.0459688
0.3548413
0.0
0.0
0.0
0.0
0.0
0.0
0.0
0.0
0.0
0.0
0.0
0.0
0.0
0.0
0.0
0.0
0.0
0.0
0.0
0.0
0.0
0.0
0.9682885
2.208945
0.5703187
0.0
0.0
0.0
0.0
0.0
0.0
0.0
0.0
0.0
0.0
0.0
0.0
0.0
0.0
0.0
0.0
0.0
0.0
0.0
0.0
0.0
0.0
0.0
1.1001731
2.2080562
0.5703187
0.0
0.0
0.0
0.0
0.0
0.0
0.0
0.0
0.0
0.0
0.0
0.0
0.0
0.0
0.0
0.0
0.0
0.0
0.0
0.0
0.0
0.0
0.0052431156
1.0566571
1.8428111
0.64868855
0.0
0.0
0.0
0.0
0.0
0.0
0.0
0.0
0.0
0.0
0.0
0.0
0.0
0.0
0.0
0.0
0.0
0.0
0.0
0.0
0.0
0.0
0.4347858
0.6771985
1.4236132
0.53750837
0.0
0.0
0.0
0.0
0.0
0.0
0.0
0.0
0.0
0.0
0.0
0.0
0.0
0.0
0.0
0.0
0.0
0.0
0.0
0.0
0.0
0.37864444
0.626182
0.96173793
0.76600856
0.05265382
0.0
0.0
0.0
0.0
0.0
0.0
0.0
0.0
0.0
0.0
0.0
0.0
0.0
0.0
0.0
0.0
0.0
0.0
0.0
0.0
0.0
0.43749857
1.2216829
0.77685976
0.0
0.0
0.0
0.0
0.0
0.0
0.0
0.0
0.0
0.0
0.0
0.0
0.0
0.0
0.0
0.0
0.0
0.0
0.07411356
0.0
0.0
0.0
0.09321
0.9544036
0.76600856
0.05265382
0.0
0.0
0.0
0.0
0.0
0.0
0.0
0.0
0.0
0.0
0.0
0.0
0.0
0.0
0.0
0.0
0.0
0.0
0.0
0.0
0.0
0.7529871
1.0055418
0.49572712
0.0
0.0
0.0
0.0
0.0
0.0
0.0
0.0
0.0
0.0
0.0
0.0
0.0
0.0
0.0
0.0
0.0
0.0
0.0
0.0
0.0
0.046464264
0.24792683
1.2515231
0.6172767
0.0
0.0
0.0
0.0
0.0
0.0
0.0
0.0
0.0
0.0
0.0
0.0
0.0
0.0
0.0
0.0
0.0
0.0
0.0
0.0
0.0
0.0
0.84091413
0.86041903
0.26077664
0.0
0.0
0.0
0.0
0.0
0.0
0.0
0.0
0.0
0.0
0.0
0.0
0.0
0.0
0.0
0.0
0.0
0.0
0.0
0.0
0.0
0.12912807
0.95730823
0.8493031
0.18846837
0.0
0.0
0.0
0.0
0.0
0.0
0.0
0.0
0.0
0.0
0.0
0.0
0.0
0.0
0.0
0.0
0.0
0.0
0.0
0.0
0.0
0.0
0.97901887
1.1335298
0.19152245
0.0
0.0
0.0
0.0
0.0
0.0
0.0
0.0
0.0
0.0
0.0
0.0
0.0
0.0
0.0
0.0
0.0
0.0
0.0
0.0
0.0
0.0
0.5629622
0.8085835
0.4672178
0.0
0.0
0.0
0.0
0.0
0.0
0.0
0.0
0.0
0.0
0.0
0.0
0.0
0.0
0.0
0.0
0.0
0.0
0.0
0.0
0.0
0.0
0.0
0.59499073
0.12835743
0.0
0.0
0.0
0.0
0.0
0.0
0.0
0.0
0.0
0.0
0.0
0.0
0.0
0.0
0.0
0.0
0.0
0.0
0.0
0.0
0.0
0.0
0.0
0.0
0.0
0.0
0.0
0.0
0.0
0.0
0.0
0.0
0.0
0.0
0.0
0.0
0.0
0.0
0.0
0.0
0.0
0.0
0.0
0.0
0.0
0.0
0.0
0.0
0.0
0.0
0.0
0.0
0.0
0.0
0.0
0.0
0.0
0.0
0.0
0.0
0.0
0.0
0.0
0.0
0.0
0.0
0.0
0.0
0.0
0.0
0.0
0.0
0.0
0.0
0.0
0.0
0.0
0.0
0.0
0.0
0.0
0.0
0.0
0.0
0.0
0.0
0.0
0.0
0.0
0.0
0.0
0.0
0.0
0.0
0.0
0.0
0.0
0.0
0.0
0.0
0.0
0.0
0.0
0.0
0.0
0.0
0.0
0.0
0.0
0.0
0.0
0.0
0.0
0.0
0.0
0.0
0.0
0.0
0.0
0.0
0.0
0.0
0.0
0.0
0.0
0.0
0.0
0.0
0.0
0.0
0.0
0.0
0.0
0.0
0.0
0.0
0.0
0.39315388
0.8749035
0.42077926
0.08796082
0.0
0.0
0.0
0.0
0.0
0.0
0.0
0.0
0.0
0.0
0.0
0.0
0.0
0.0
0.0
0.0
0.0
0.0
0.0
0.0
0.0
0.20935644
0.37698567
0.0
0.06304368
0.07448311
0.07733398
0.0
0.0
0.0
0.0
0.0
0.0
0.0
0.0
0.0
0.0
0.0
0.0
0.0
0.0
0.0
0.0
0.0
0.0
0.0
0.0
0.0
0.0
0.0
0.0
0.0
0.0
0.0
0.0
0.0
0.0
0.0
0.0
0.0
0.0
0.0
0.0
0.0
0.0
0.0
0.0
0.0
0.0
0.0
0.0
0.0
0.0
0.0
0.0
0.0
0.0
0.0
0.0
0.0
0.0
0.0
0.0
0.0
0.0
0.0
0.0
0.0
0.0
0.0
0.0
0.0
0.0
0.0
0.0
0.0
0.0
0.0
0.0
0.32868698
0.0
0.0
0.0
0.0
0.0
0.0
0.0
0.0
0.0
0.0
0.0
0.0
0.0
0.0
0.0
0.0
0.0
0.0
0.0
0.0
0.0
0.0
0.0
0.0
0.35198092
0.111976266
0.0
0.0
0.0
0.0
0.0
0.0
0.0
0.0
0.0
0.0
0.0
0.0
0.0
0.0
0.0
0.0
0.0
0.0
0.0
0.0
0.0
0.0
0.0
0.0
0.25097558
0.0
0.0
0.0
0.0
0.0
0.0
0.0
0.0
0.0
0.0
0.0
0.0
0.0
0.0
0.0
0.0
0.0
0.0
0.0
0.0
0.0
0.0
0.0
0.0
0.055461574
0.1069017
0.0
0.0
0.0
0.0
0.0
0.0
0.0
0.0
0.0
0.0
0.0
0.0
0.0
0.0
0.0
0.0
0.0
0.0
0.0
0.0
0.0
0.0
0.0
0.0
0.22028421
0.0
0.0
0.0
0.0
0.0
0.0
0.0
0.0
0.0
0.0
0.0
0.0
0.0
0.0
0.0
0.0
0.0
0.0
0.0
0.0
0.0
0.0
0.0
0.0
0.0
0.31194508
0.0
0.0
0.0
0.0
0.0
0.0
0.0
0.0
0.0
0.0
0.0
0.0
0.0
0.0
0.0
0.0
0.0
0.0
0.0
0.0
0.0
0.0
0.0
0.0
0.6188846
0.07697468
0.0
0.0
0.0
0.0
0.0
0.0
0.0
0.0
0.0
0.0
0.0
0.0
0.0
0.0
0.0
0.0
0.0
0.0
0.0
0.0
0.0
0.0
0.0
0.055461574
0.13104843
0.0
0.0
0.0
0.0
0.0
0.0
0.0
0.0
0.0
0.0
0.0
0.0
0.0
0.0
0.0
0.0
0.0
0.0
0.0
0.0
0.0
0.0
0.0
0.0
0.5519626
0.0
0.0
0.0
0.0
0.0
0.0
0.0
0.0
0.0
0.0
0.0
0.0
0.0
0.0
0.0
0.0
0.0
0.0
0.0
0.0
0.0
0.0
0.0
0.055461574
0.6578231
0.17000616
0.0
0.0
0.0
0.0
0.0
0.0
0.0
0.0
0.0
0.0
0.0
0.0
0.0
0.0
0.0
0.0
0.0
0.0
0.0
0.0
0.0
0.0
0.38820323
0.7267477
0.18876337
0.0
0.0
0.0
0.0
0.0
0.0
0.0
0.0
0.0
0.0
0.0
0.0
0.0
0.0
0.0
0.0
0.0
0.0
0.0
0.0
0.0
0.0
0.35529464
0.42496863
0.0
0.0
0.0
0.0
0.0
0.0
0.0
0.0
0.0
0.0
0.0
0.0
0.0
0.0
0.0
0.0
0.0
0.0
0.0
0.0
0.0
0.0
0.0
0.09568309
0.43786728
0.0
0.0
0.0
0.0
0.0
0.0
0.0
0.0
0.0
0.0
0.0
0.0
0.0
0.0
0.0
0.0
0.0
0.0
0.0
0.0
0.0
0.0
0.0
0.20537813
0.53247815
0.0
0.0
0.0
0.0
0.0
0.0
0.0
0.0
0.0
0.0
0.0
0.0
0.0
0.0
0.0
0.0
0.0
0.0
0.0
0.0
0.0
0.0
0.0
0.16881312
0.5775926
0.0
0.0
0.0
0.0
0.0
0.0
0.0
0.0
0.0
0.0
0.0
0.0
0.0
0.0
0.0
0.0
0.0
0.0
0.0
0.0
0.0
0.0
0.0
0.0
0.0
0.0
0.0
0.0
0.0
0.0
0.0
0.0
0.0
0.0
0.0
0.0
0.0
0.0
0.0
0.0
0.0
0.0
0.0
0.0
0.0
0.0
0.0
0.0
0.0
0.0
0.0
0.0
0.0
0.0
0.0
0.0
0.0
0.0
0.0
0.0
0.0
0.0
0.0
0.0
0.0
0.0
0.0
0.0
0.0
0.0
0.0
0.0
0.0
0.0
0.0
0.0
0.0
0.0
0.0
0.0
0.0
0.0
0.0
0.0
0.0
0.0
0.0
0.0
0.0
0.0
0.0
0.0
0.0
0.0
0.0
0.0
0.0
0.0
0.0
0.0
0.0
0.0
0.0
0.0
0.0
0.0
0.0
0.0
0.0
0.0
0.0
0.0
0.0
0.0
0.0
0.0
0.0
0.0
0.0
0.0
0.0
0.0
0.0
0.0
0.0
0.0
0.0
0.0
0.0
0.0
0.0
0.0
0.0
0.0
0.0
0.0
0.0
0.0
0.0
0.0
0.0
0.0
0.0
0.0
0.0
0.0
0.0
0.0
0.0
0.0
0.0
0.0
0.0
0.0
0.0
0.0
0.0
0.0
0.0
0.0
0.0
0.0
0.0
0.0
0.0
0.0
0.0
0.0
0.0
0.0
0.0
0.0
0.0
0.0
0.0
0.0
0.0
0.0
0.0
0.0
0.0
0.0
0.0
0.0
0.0
0.0
0.0
0.0
0.0
0.0
0.0
0.0
0.0
0.0
0.0
0.0
0.0
0.0
0.0
0.0
0.0
0.0
0.0
0.0
0.0
0.0
0.0
0.0
0.0
0.0
0.0
0.0
0.0
0.0
0.0
0.0
0.0
0.0
0.24233781
1.1476692
2.0955355
1.7420971
0.42626113
0.0
0.0
0.0
0.0
0.0
0.0
0.0
0.0
0.0
0.0
0.0
0.0
0.0
0.0
0.0
0.0
0.0
0.0
0.0
0.0
0.019018553
0.45552212
1.1634823
1.9296963
1.8982673
0.9806334
0.004534944
0.0
0.0
0.0
0.0
0.0
0.0
0.0
0.0
0.0
0.0
0.0
0.0
0.0
0.0
0.0
0.0
0.0
0.0
0.0
0.0
0.0
0.0
0.48345858
1.0398991
0.8117642
0.0
0.0
0.0
0.0
0.0
0.0
0.0
0.0
0.0
0.0
0.0
0.0
0.0
0.0
0.0
0.0
0.0
0.0
0.0
0.0
0.0
0.0
0.0
0.0
0.0
0.0
0.0
0.0
0.0
0.0
0.0
0.0
0.0
0.0
0.0
0.0
0.0
0.0
0.0
0.0
0.0
0.0
0.0
0.0
0.0
0.0
0.0
0.0
0.029568207
0.0049119582
0.0
0.0
0.0
0.0
0.0
0.0
0.0
0.0
0.0
0.0
0.0
0.0
0.0
0.0
0.0
0.0
0.0
0.0
0.0
0.0
0.0
0.09983253
0.19966374
0.33800417
0.0016863337
0.080733255
0.0
0.0
0.0
0.0
0.0
0.0
0.0
0.0
0.0
0.0
0.0
0.0
0.0
0.0
0.0
0.0
0.0
0.0
0.0
0.0
0.0
0.0
0.0
0.14116971
0.0
0.0
0.0
0.0
0.0
0.0
0.0
0.0
0.0
0.0
0.0
0.0
0.0
0.0
0.0
0.0
0.0
0.0
0.0
0.0
0.0
0.0
0.0
0.0
0.0
0.18001515
0.11861014
0.0
0.0
0.0
0.0
0.0
0.0
0.0
0.0
0.0
0.0
0.0
0.0
0.0
0.0
0.0
0.0
0.0
0.0
0.0
0.0
0.0
0.0
0.0
0.0
0.17286734
0.6620782
0.42640662
0.0
0.0
0.0
0.0
0.0
0.0
0.0
0.0
0.0
0.0
0.0
0.0
0.0
0.0
0.0
0.0
0.0
0.0
0.0
0.0
0.0
0.0012904822
0.1546721
0.10062129
0.6578225
0.42640662
0.0
0.0
0.0
0.0
0.0
0.0
0.0
0.0
0.0
0.0
0.0
0.0
0.0
0.0
0.0
0.0
0.0
0.0
0.0
0.21386664
0.54164445
0.6814539
0.082411
0.0
0.025262123
0.0
0.0
0.0
0.0
0.0
0.0
0.0
0.0
0.0
0.0
0.0
0.0
0.0
0.0
0.0
0.0
0.0
0.0
0.0
0.0
0.0
0.17347987
0.32129928
0.0
0.0
0.0
0.0
0.0
0.0
0.0
0.0
0.0
0.0
0.0
0.0
0.0
0.0
0.0
0.0
0.0
0.0
0.0
0.0
0.0
0.0
0.21303555
0.2817026
0.3106194
0.0
0.0
0.0
0.0
0.0
0.0
0.0
0.0
0.0
0.0
0.0
0.0
0.0
0.0
0.0
0.0
0.0
0.0
0.0
0.0
0.0
0.0
0.45750383
0.96051216
0.82376164
0.0
0.0
0.0
0.0
0.0
0.0
0.0
0.0
0.0
0.0
0.0
0.0
0.0
0.0
0.0
0.0
0.0
0.0
0.0
0.0
0.0
0.13131727
0.922314
1.6351758
1.2609316
0.043154232
0.0
0.0
0.0
0.0
0.0
0.0
0.0
0.0
0.0
0.0
0.0
0.0
0.0
0.0
0.0
0.0
0.0
0.0
0.0
0.0
0.115659796
0.61426884
1.204222
0.8283027
0.0
0.0
0.0
0.0
0.0
0.0
0.0
0.0
0.0
0.0
0.0
0.0
0.0
0.0
0.0
0.0
0.0
0.0
0.0
0.0
0.0
0.0
0.2646741
0.6291641
0.33950627
0.0
0.0
0.0
0.0
0.0
0.0
0.0
0.0
0.0
0.0
0.0
0.0
0.0
0.0
0.0
0.0
0.0
0.0
0.0
0.0
0.0
0.04433151
0.556906
0.8000238
0.40188938
0.0
0.0
0.0
0.0
0.0
0.0
0.0
0.0
0.0
0.0
0.0
0.0
0.0
0.0
0.0
0.0
0.0
0.0
0.0
0.0
0.0
0.026934365
0.48776016
1.1167806
0.8248709
0.0
0.0
0.0
0.0
0.0
0.0
0.0
0.0
0.0
0.0
0.0
0.0
0.0
0.0
0.0
0.0
0.0
0.0
0.0
0.0
0.0
0.0
0.0
0.0
0.0
0.0
0.0
0.0
0.0
0.0
0.0
0.0
0.0
0.0
0.0
0.0
0.0
0.0
0.0
0.0
0.0
0.0
0.0
0.0
0.0
0.0
0.0
0.0
0.0
0.0
0.0
0.0
0.0
0.0
0.0
0.0
0.0
0.0
0.0
0.0
0.0
0.0
0.0
0.0
0.0
0.0
0.0
0.0
0.0
0.0
0.0
0.0
0.0
0.0
0.0
0.0
0.0
0.0
0.0
0.0
0.0
0.0
0.0
0.0
0.0
0.0
0.0
0.0
0.0
0.0
0.0
0.0
0.0
0.0
0.0
0.0
0.0
0.0
0.0
0.0
0.0
0.0
0.0
0.0
0.0
0.0
0.0
0.0
0.0
0.0
0.0
0.0
0.0
0.0
0.0
0.0
0.0
0.0
0.0
0.0
0.0
0.0
0.0
0.2608745
0.2608745
0.2608745
0.2608745
0.2608745
0.2608745
0.2608745
0.2608745
0.2608745
0.2608745
0.2608745
0.2608745
0.2608745
0.2608745
0.2608745
0.2608745
0.2608745
0.2608745
0.2608745
0.2608745
0.2608745
0.2608745
0.2608745
0.2608745
0.2608745
0.2608745
0.2608745
0.2608745
0.2608745
0.2608745
0.2608745
0.2608745
0.2608745
0.2608745
0.2608745
0.2608745
0.2608745
0.2608745
0.2608745
0.2608745
0.2608745
0.2608745
0.2608745
0.2608745
0.2608745
0.2608745
0.2608745
0.2608745
0.2608745
0.2608745
0.2608745
0.2608745
0.2608745
0.2608745
0.2608745
0.2608745
0.2608745
0.2608745
0.2608745
0.2608745
0.2608745
0.2608745
0.2608745
0.2608745
0.2608745
0.2608745
0.2608745
0.2608745
0.2608745
0.2608745
0.2608745
0.2608745
0.2608745
0.2608745
0.2608745
0.2608745
0.2608745
0.2608745
0.2608745
0.2608745
0.2608745
0.2608745
0.2608745
0.2608745
0.2608745
0.2608745
0.2608745
0.2608745
0.2608745
0.2608745
0.2608745
0.2608745
0.23209792
0.04291781
0.0
0.36370906
1.4019057
0.7934963
0.2608745
0.2608745
0.2608745
0.2608745
0.2608745
0.2608745
0.2608745
0.2608745
0.2608745
0.2608745
0.2608745
0.2608745
0.2608745
0.2608745
0.2608745
0.2608745
0.2608745
0.2608745
0.2608745
0.2608745
0.1886804
0.07231488
0.39193404
0.9010307
2.221026
1.8703825
0.3653102
0.2608745
0.2608745
0.2608745
0.2608745
0.2608745
0.2608745
0.2608745
0.2608745
0.2608745
0.2608745
0.2608745
0.2608745
0.2608745
0.2608745
0.2608745
0.2608745
0.2608745
0.2608745
0.2608745
0.40990123
0.0
0.0
0.49551734
1.0115039
2.309845
0.47997606
0.2608745
0.2608745
0.2608745
0.2608745
0.2608745
0.2608745
0.2608745
0.2608745
0.2608745
0.2608745
0.2608745
0.2608745
0.2608745
0.2608745
0.2608745
0.2608745
0.2608745
0.2608745
0.2608745
0.26766258
0.0
0.0
0.3807302
0.7684946
1.4740144
0.34283164
0.2608745
0.2608745
0.2608745
0.2608745
0.2608745
0.2608745
0.2608745
0.2608745
0.2608745
0.2608745
0.2608745
0.2608745
0.2608745
0.2608745
0.2608745
0.2608745
0.2608745
0.2608745
0.24580108
0.091106676
0.0
0.0
0.0
1.3508347
0.27928823
0.22816576
0.2608745
0.2608745
0.2608745
0.2608745
0.2608745
0.2608745
0.2608745
0.2608745
0.2608745
0.2608745
0.2608745
0.2608745
0.2608745
0.2608745
0.2608745
0.2608745
0.2608745
0.2608745
0.11539101
0.13770634
0.0
0.24884143
0.1350467
1.8696295
0.1284041
0.2608745
0.2608745
0.2608745
0.2608745
0.2608745
0.2608745
0.2608745
0.2608745
0.2608745
0.2608745
0.2608745
0.2608745
0.2608745
0.2608745
0.2608745
0.2608745
0.2608745
0.2608745
0.2608745
0.37246305
0.0
0.0
0.3886278
0.5375453
0.82750237
0.2608745
0.2608745
0.2608745
0.2608745
0.2608745
0.2608745
0.2608745
0.2608745
0.2608745
0.2608745
0.2608745
0.2608745
0.2608745
0.2608745
0.2608745
0.2608745
0.2608745
0.2608745
0.2608745
0.20469165
0.29117703
0.0
0.0
0.22023605
1.1709213
0.0
0.2608745
0.2608745
0.2608745
0.2608745
0.2608745
0.2608745
0.2608745
0.2608745
0.2608745
0.2608745
0.2608745
0.2608745
0.2608745
0.2608745
0.2608745
0.2608745
0.2608745
0.2608745
0.2608745
0.2242637
0.0
0.0
0.20118587
0.8068154
1.9663687
0.2608745
0.2608745
0.2608745
0.2608745
0.2608745
0.2608745
0.2608745
0.2608745
0.2608745
0.2608745
0.2608745
0.2608745
0.2608745
0.2608745
0.2608745
0.2608745
0.2608745
0.2608745
0.2608745
0.23209792
0.23971258
0.0
0.0
0.1395409
0.80896235
1.9663687
0.2608745
0.2608745
0.2608745
0.2608745
0.2608745
0.2608745
0.2608745
0.2608745
0.2608745
0.2608745
0.2608745
0.2608745
0.2608745
0.2608745
0.2608745
0.2608745
0.2608745
0.2608745
0.2608745
0.035205234
0.0
0.0
0.18955842
0.3094798
0.88069415
1.4389687
0.2608745
0.2608745
0.2608745
0.2608745
0.2608745
0.2608745
0.2608745
0.2608745
0.2608745
0.2608745
0.2608745
0.2608745
0.2608745
0.2608745
0.2608745
0.2608745
0.2608745
0.2608745
0.20469165
0.49238437
0.0
0.4381904
0.42116538
0.39992747
0.37891957
0.43171972
0.2608745
0.2608745
0.2608745
0.2608745
0.2608745
0.2608745
0.2608745
0.2608745
0.2608745
0.2608745
0.2608745
0.2608745
0.2608745
0.2608745
0.2608745
0.2608745
0.2608745
0.24580108
0.08151504
0.0
0.0
0.4070967
0.13039097
0.32690248
0.0
0.12676866
0.2608745
0.2608745
0.2608745
0.2608745
0.2608745
0.2608745
0.2608745
0.2608745
0.2608745
0.2608745
0.2608745
0.2608745
0.2608745
0.2608745
0.2608745
0.2608745
0.20469165
0.0
0.31936818
0.045645505
0.56186813
0.09520054
0.08917266
0.15083475
0.17910264
0.2608745
0.2608745
0.2608745
0.2608745
0.2608745
0.2608745
0.2608745
0.2608745
0.2608745
0.2608745
0.2608745
0.2608745
0.2608745
0.2608745
0.2608745
0.2608745
0.07999308
0.0
0.65190566
0.5523409
0.6494772
0.50958735
0.0
0.0
0.12676866
0.2608745
0.2608745
0.2608745
0.2608745
0.2608745
0.2608745
0.2608745
0.2608745
0.2608745
0.2608745
0.2608745
0.2608745
0.2608745
0.2608745
0.2608745
0.2608745
0.09232593
0.121805094
0.30687243
0.9394551
1.0855914
0.0
0.4860272
0.0
0.17910264
0.2608745
0.2608745
0.2608745
0.2608745
0.2608745
0.2608745
0.2608745
0.2608745
0.2608745
0.2608745
0.2608745
0.2608745
0.2608745
0.2608745
0.2608745
0.2608745
0.1896182
0.21819282
0.0
0.50829303
0.3646489
0.05164416
0.0
0.05181652
0.2608745
0.2608745
0.2608745
0.2608745
0.2608745
0.2608745
0.2608745
0.2608745
0.2608745
0.2608745
0.2608745
0.2608745
0.2608745
0.2608745
0.2608745
0.2608745
0.2608745
0.14850879
0.0
0.34453255
0.0
0.65097165
0.0
0.0
0.0
0.21181141
0.2608745
0.2608745
0.2608745
0.2608745
0.2608745
0.2608745
0.2608745
0.2608745
0.2608745
0.2608745
0.2608745
0.2608745
0.2608745
0.2608745
0.2608745
0.2608745
0.16221192
0.050945334
0.12267634
0.6705251
0.13497096
0.5840266
0.20758986
0.0613512
0.2608745
0.2608745
0.2608745
0.2608745
0.2608745
0.2608745
0.2608745
0.2608745
0.2608745
0.2608745
0.2608745
0.2608745
0.2608745
0.2608745
0.2608745
0.2608745
0.2608745
0.2608745
0.39527777
0.15892243
0.0
0.9735384
0.0
0.4163251
0.32912502
0.2608745
0.2608745
0.2608745
0.2608745
0.2608745
0.2608745
0.2608745
0.2608745
0.2608745
0.2608745
0.2608745
0.2608745
0.2608745
0.2608745
0.2608745
0.2608745
0.2608745
0.2608745
0.2608745
0.35883918
0.033804577
0.0
0.0
0.0
0.0
0.19382156
0.2608745
0.2608745
0.2608745
0.2608745
0.2608745
0.2608745
0.2608745
0.2608745
0.2608745
0.2608745
0.2608745
0.2608745
0.2608745
0.2608745
0.2608745
0.2608745
0.2608745
0.2608745
0.2608745
0.1321743
0.0
0.0
0.0
0.0
0.21181141
0.2608745
0.2608745
0.2608745
0.2608745
0.2608745
0.2608745
0.2608745
0.2608745
0.2608745
0.2608745
0.2608745
0.2608745
0.2608745
0.2608745
0.2608745
0.2608745
0.2608745
0.2608745
0.2608745
0.2608745
0.2608745
0.2608745
0.2608745
0.2608745
0.2608745
0.2608745
0.2608745
0.2608745
0.2608745
0.2608745
0.2608745
0.2608745
0.2608745
0.2608745
0.2608745
0.2608745
0.2608745
0.2608745
0.2608745
0.2608745
0.2608745
0.2608745
0.2608745
0.0
0.0
0.0
0.0
0.0
0.0
0.0
0.0
0.0
0.0
0.0
0.0
0.0
0.0
0.0
0.0
0.0
0.0
0.0
0.0
0.0
0.0
0.0
0.0
0.0
0.0
0.0
0.0
0.0
0.0
0.0
0.0
0.0
0.0
0.0
0.0
0.0
0.0
0.0
0.0
0.0
0.0
0.0
0.0
0.0
0.0
0.0
0.0
0.0
0.0
0.0
0.0
0.0
0.0
0.0
0.0
0.0
0.0
0.0
0.0
0.0
0.0
0.0
0.0
0.0
0.0
0.0
0.0
0.0
0.0
0.0
0.0
0.0
0.0
0.0
0.0
0.0
0.0
0.0
0.0
0.0
0.0
0.0
0.0
0.0
0.0
0.0
0.0
0.0
0.0
0.0
0.0
0.0
0.0
0.0
0.0
0.12828836
0.0
0.0
0.0
0.0
0.0
0.0
0.0
0.0
0.0
0.0
0.0
0.0
0.0
0.0
0.0
0.0
0.0
0.0
0.0
0.0
0.0
0.0
0.15600254
0.12462884
0.64170676
1.0109504
0.7764615
0.0
0.0
0.0
0.0
0.0
0.0
0.0
0.0
0.0
0.0
0.0
0.0
0.0
0.0
0.0
0.0
0.0
0.0
0.0
0.0
0.12184366
0.98116004
2.4497454
4.1417108
2.407341
1.7752981
0.0
0.0
0.0
0.0
0.0
0.0
0.0
0.0
0.0
0.0
0.0
0.0
0.0
0.0
0.0
0.0
0.0
0.0
0.0
0.0
0.515268
2.0696456
3.5189126
4.6971235
3.5137718
1.9373837
0.0
0.0
0.0
0.0
0.0
0.0
0.0
0.0
0.0
0.0
0.0
0.0
0.0
0.0
0.0
0.0
0.0
0.0
0.0
0.0
0.8347769
1.7487935
3.9595132
4.296549
4.182864
0.9709355
0.0
0.0
0.0
0.0
0.0
0.0
0.0
0.0
0.0
0.0
0.0
0.0
0.0
0.0
0.0
0.0
0.0
0.0
0.0
0.0
0.7104797
1.8928385
4.436492
3.7263265
3.0547194
0.0
0.0
0.0
0.0
0.0
0.0
0.0
0.0
0.0
0.0
0.0
0.0
0.0
0.0
0.0
0.0
0.0
0.0
0.0
0.0
0.4807983
0.86085945
3.2967303
4.668929
3.8250296
1.454547
0.0
0.0
0.0
0.0
0.0
0.0
0.0
0.0
0.0
0.0
0.0
0.0
0.0
0.0
0.0
0.0
0.0
0.0
0.0
0.0
1.1989062
1.6514666
4.4861045
4.2541
3.278483
0.19348548
0.0
0.0
0.0
0.0
0.0
0.0
0.0
0.0
0.0
0.0
0.0
0.0
0.0
0.0
0.0
0.0
0.0
0.0
0.0
0.0
1.3035995
2.6194122
4.6942706
2.9907565
1.9427717
0.0
0.0
0.0
0.0
0.0
0.0
0.0
0.0
0.0
0.0
0.0
0.0
0.0
0.0
0.0
0.0
0.0
0.0
0.0
0.0
0.5671722
1.3125268
3.85075
4.847117
2.9883735
1.9427717
0.0
0.0
0.0
0.0
0.0
0.0
0.0
0.0
0.0
0.0
0.0
0.0
0.0
0.0
0.0
0.0
0.0
0.0
0.0
0.2301616
0.5297403
2.37255
4.78678
4.6009107
3.2632675
1.5549276
0.0
0.0
0.0
0.0
0.0
0.0
0.0
0.0
0.0
0.0
0.0
0.0
0.0
0.0
0.0
0.0
0.0
0.0
0.0
0.6578253
0.82480544
4.1487737
4.788057
4.746202
2.9429958
0.68892545
0.0
0.0
0.0
0.0
0.0
0.0
0.0
0.0
0.0
0.0
0.0
0.0
0.0
0.0
0.0
0.0
0.0
0.0
0.22442287
1.0345718
2.9011505
4.8757634
4.8238964
3.8477223
1.2205569
0.0
0.0
0.0
0.0
0.0
0.0
0.0
0.0
0.0
0.0
0.0
0.0
0.0
0.0
0.0
0.0
0.0
0.0
0.06741923
0.2904294
1.6307124
3.9836383
4.8324904
3.4954185
1.1976054
0.0
0.0
0.0
0.0
0.0
0.0
0.0
0.0
0.0
0.0
0.0
0.0
0.0
0.0
0.0
0.0
0.0
0.0
0.0
0.30033433
1.6882703
3.263976
5.031346
3.3091176
1.2205569
0.0
0.0
0.0
0.0
0.0
0.0
0.0
0.0
0.0
0.0
0.0
0.0
0.0
0.0
0.0
0.0
0.0
0.0
0.12631555
0.29053932
1.9729971
4.1020546
4.162027
3.3331687
0.5861728
0.0
0.0
0.0
0.0
0.0
0.0
0.0
0.0
0.0
0.0
0.0
0.0
0.0
0.0
0.0
0.0
0.0
0.0
0.3558971
0.3904775
2.745242
4.37359
4.8543296
2.6174436
0.6051685
0.0
0.0
0.0
0.0
0.0
0.0
0.0
0.0
0.0
0.0
0.0
0.0
0.0
0.0
0.0
0.0
0.0
0.0
0.0
0.83474565
1.9382533
4.5458174
4.0803423
2.1381855
0.21871112
0.0
0.0
0.0
0.0
0.0
0.0
0.0
0.0
0.0
0.0
0.0
0.0
0.0
0.0
0.0
0.0
0.0
0.0
0.21395476
0.12208558
2.2344851
3.6340327
4.1842885
1.872699
0.0
0.0
0.0
0.0
0.0
0.0
0.0
0.0
0.0
0.0
0.0
0.0
0.0
0.0
0.0
0.0
0.0
0.0
0.0
0.0
0.7702182
1.0398043
4.3335543
3.6619272
2.1170986
0.14122428
0.0
0.0
0.0
0.0
0.0
0.0
0.0
0.0
0.0
0.0
0.0
0.0
0.0
0.0
0.0
0.0
0.0
0.0
0.0
0.0
1.4894142
2.5355582
4.0447664
2.1478941
0.61431175
0.0
0.0
0.0
0.0
0.0
0.0
0.0
0.0
0.0
0.0
0.0
0.0
0.0
0.0
0.0
0.0
0.0
0.0
0.0
0.0
0.0
1.1762717
1.7977849
1.2316976
0.06272092
0.0
0.0
0.0
0.0
0.0
0.0
0.0
0.0
0.0
0.0
0.0
0.0
0.0
0.0
0.0
0.0
0.0
0.0
0.0
0.0
0.0
0.0
0.0
0.0
0.0
0.0
0.0
0.0
0.0
0.0
0.0
0.0
0.0
0.0
0.0
0.0
0.0
0.0
0.0
0.0
0.0
0.0
0.0
0.0
0.0
0.0
0.0
0.0
0.0
0.0
0.0
0.0
0.0
0.0
0.0
0.0
0.0
0.0
0.0
0.0
0.0
0.0
0.0
0.0
0.0
0.0
0.0
0.0
0.0
0.0
0.0
0.0
0.0
0.0
0.0
0.0
0.0
0.0
0.0
0.0
0.0
0.0
0.0
0.0
0.0
0.0
0.0
0.0
0.0
0.0
0.0
0.0
0.0
0.0
0.0
0.0
0.0
0.0
0.0
0.0
0.0
0.0
0.0
0.0
0.0
0.0
0.0
0.0
0.0
0.0
0.0
0.0
0.0
0.0
0.0
0.0
0.0
0.0
0.0
0.0
0.0
0.0
0.0
0.0
0.0
0.0
0.0
0.0
0.0
0.0
0.0
0.0
0.0
0.0
0.0
0.0
0.0
0.0
0.0
0.0
0.0
0.0
0.0
0.0
0.0
0.0
0.0
0.0
0.0
0.0
0.0
0.0
0.0
0.0
0.0
0.0
0.0
0.0
0.0
0.0
0.0
0.0
0.0
0.0
0.0
0.0
0.0
0.0
0.0
0.0
0.0
0.0
0.0
0.0
0.0
0.0
0.0
0.0
0.0
0.0
0.0
0.0
0.0
0.0
0.0
0.0
0.0
0.0
0.0
0.0
0.0
0.0
0.0
0.0
0.0
0.0
0.0
0.0
0.0
0.0
0.0
0.0
0.0
0.0
0.0
0.0
0.0
0.0
0.0
0.0
0.0
0.0
0.0
0.0
0.0
0.0701254
0.4622746
1.622783
1.6209394
1.5776124
0.0
0.0
0.0
0.0
0.0
0.0
0.0
0.0
0.0
0.0
0.0
0.0
0.0
0.0
0.0
0.0
0.0
0.0
0.0
0.0
0.0
0.0
0.0
2.2482405
2.4391644
1.6618447
0.0
0.0
0.0
0.0
0.0
0.0
0.0
0.0
0.0
0.0
0.0
0.0
0.0
0.0
0.0
0.0
0.0
0.0
0.0
0.0
0.0
0.0
0.37107068
1.8204769
1.8972865
0.28560272
0.0
0.0
0.0
0.0
0.0
0.0
0.0
0.0
0.0
0.0
0.0
0.0
0.0
0.0
0.0
0.0
0.0
0.0
0.0
0.0
0.0
0.0
2.5748763
2.8567739
2.068811
0.0
0.0
0.0
0.0
0.0
0.0
0.0
0.0
0.0
0.0
0.0
0.0
0.0
0.0
0.0
0.0
0.0
0.0
0.0
0.0
0.0
0.0
0.550094
2.4428031
2.1810281
0.85650146
0.0
0.0
0.0
0.0
0.0
0.0
0.0
0.0
0.0
0.0
0.0
0.0
0.0
0.0
0.0
0.0
0.0
0.0
0.0
0.0
0.0
0.0
0.7455765
0.7756952
0.52902204
0.0
0.0
0.0
0.0
0.0
0.0
0.0
0.0
0.0
0.0
0.0
0.0
0.0
0.0
0.0
0.0
0.0
0.0
0.0
0.0
0.0
0.0
0.0
1.0011457
0.77965283
0.52902204
0.0
0.0
0.0
0.0
0.0
0.0
0.0
0.0
0.0
0.0
0.0
0.0
0.0
0.0
0.0
0.0
0.0
0.0
0.0
0.0
0.0
0.0
0.24189033
1.6221737
1.5178672
1.1605917
0.0
0.0
0.0
0.0
0.0
0.0
0.0
0.0
0.0
0.0
0.0
0.0
0.0
0.0
0.0
0.0
0.0
0.0
0.0
0.0
0.0
0.0
2.0357504
3.3517988
3.197824
1.264533
0.0
0.0
0.0
0.0
0.0
0.0
0.0
0.0
0.0
0.0
0.0
0.0
0.0
0.0
0.0
0.0
0.0
0.0
0.0
0.0
0.0
1.8235296
3.5233161
3.961368
2.0314345
0.29194605
0.0
0.0
0.0
0.0
0.0
0.0
0.0
0.0
0.0
0.0
0.0
0.0
0.0
0.0
0.0
0.0
0.0
0.0
0.0
0.0
0.9698674
3.9498916
3.8927455
1.9349076
0.088959776
0.0
0.0
0.0
0.0
0.0
0.0
0.0
0.0
0.0
0.0
0.0
0.0
0.0
0.0
0.0
0.0
0.0
0.0
0.0
0.0
0.5225587
3.8184457
4.3081717
2.0314345
0.29194605
0.0
0.0
0.0
0.0
0.0
0.0
0.0
0.0
0.0
0.0
0.0
0.0
0.0
0.0
0.0
0.0
0.0
0.0
0.0
0.0
1.3210595
3.9690316
3.8238647
1.3429197
0.088959776
0.0
0.0
0.0
0.0
0.0
0.0
0.0
0.0
0.0
0.0
0.0
0.0
0.0
0.0
0.0
0.0
0.0
0.0
0.0
0.0
2.6371536
4.849519
3.524191
1.3712183
0.0
0.0
0.0
0.0
0.0
0.0
0.0
0.0
0.0
0.0
0.0
0.0
0.0
0.0
0.0
0.0
0.0
0.0
0.0
0.0
0.0
2.5516057
4.178612
2.9945645
0.81469387
0.0
0.0
0.0
0.0
0.0
0.0
0.0
0.0
0.0
0.0
0.0
0.0
0.0
0.0
0.0
0.0
0.0
0.0
0.0
0.0
0.0
1.208964
3.36775
2.2110124
0.54567873
0.0
0.0
0.0
0.0
0.0
0.0
0.0
0.0
0.0
0.0
0.0
0.0
0.0
0.0
0.0
0.0
0.0
0.0
0.0
0.0
0.0
1.8795379
3.563332
2.5516229
0.58476824
0.0
0.0
0.0
0.0
0.0
0.0
0.0
0.0
0.0
0.0
0.0
0.0
0.0
0.0
0.0
0.0
0.0
0.0
0.0
0.22105703
1.7747087
3.552826
5.0997415
3.0887542
1.273907
0.031869877
0.0
0.0
0.0
0.0
0.0
0.0
0.0
0.0
0.0
0.0
0.0
0.0
0.0
0.0
0.0
0.0
0.0
0.0
0.0
0.25702602
1.9955826
2.6310928
2.225242
0.5673044
0.0
0.0
0.0
0.0
0.0
0.0
0.0
0.0
0.0
0.0
0.0
0.0
0.0
0.0
0.0
0.0
0.0
0.0
0.0
0.0
0.0
0.0
0.0
0.0
0.0
0.0
0.0
0.0
0.0
0.0
0.0
0.0
0.0
0.0
0.0
0.0
0.0
0.0
0.0
0.0
0.0
0.0
0.0
0.0
0.0
0.0
0.0
0.0
0.0
0.0
0.0
0.0
0.0
0.0
0.0
0.0
0.0
0.0
0.0
0.0
0.0
0.0
0.0
0.0
0.0
0.0
0.0
0.0
0.0
0.0
0.0
0.0
0.0
0.0
0.0
0.0
0.0
0.0
0.0
0.0
0.0
0.0
0.0
0.0
0.0
0.0
0.0
0.0
0.0
0.0
0.0
0.0
0.0
0.0
0.0
0.0
0.0
0.0
0.0
0.0
0.0
0.0
0.0
0.0
0.0
0.0
0.0
0.0
0.0
0.0
0.0
0.0
0.0
0.0
0.0
0.0
0.0
0.0
0.0
0.0
0.0
0.0
0.0
0.0
0.0
0.0
0.0
0.0
0.0
0.0
0.0
0.0
0.0
0.0
0.0
0.0
0.0
0.0
0.77001196
0.8530034
0.0
0.0
0.0
0.0
0.0
0.0
0.0
0.0
0.0
0.0
0.0
0.0
0.0
0.0
0.0
0.0
0.0
0.0
0.0
0.0
0.0
0.0
0.0
1.3303019
3.83758
4.7063084
2.4594798
0.0
0.0
0.0
0.0
0.0
0.0
0.0
0.0
0.0
0.0
0.0
0.0
0.0
0.0
0.0
0.0
0.0
0.0
0.0
0.0
0.0
0.0
3.2564676
7.2716885
8.243045
4.5516844
0.5868107
0.0
0.0
0.0
0.0
0.0
0.0
0.0
0.0
0.0
0.0
0.0
0.0
0.0
0.0
0.0
0.0
0.0
0.0
0.0
0.0
0.1877726
4.34495
8.232452
8.246756
4.654795
0.62308276
0.0
0.0
0.0
0.0
0.0
0.0
0.0
0.0
0.0
0.0
0.0
0.0
0.0
0.0
0.0
0.0
0.0
0.0
0.0
0.0
0.7963899
4.9588103
8.435195
7.3027763
3.1256628
0.0
0.0
0.0
0.0
0.0
0.0
0.0
0.0
0.0
0.0
0.0
0.0
0.0
0.0
0.0
0.0
0.0
0.0
0.0
0.0
0.0
2.2056882
6.310207
8.632324
5.8932543
1.2548958
0.0
0.0
0.0
0.0
0.0
0.0
0.0
0.0
0.0
0.0
0.0
0.0
0.0
0.0
0.0
0.0
0.0
0.0
0.0
0.0
0.47624683
4.3538723
7.805297
7.4099765
3.8532476
0.0
0.0
0.0
0.0
0.0
0.0
0.0
0.0
0.0
0.0
0.0
0.0
0.0
0.0
0.0
0.0
0.0
0.0
0.0
0.0
0.0
1.7760603
6.30064
8.408281
5.7758303
1.5559629
0.0
0.0
0.0
0.0
0.0
0.0
0.0
0.0
0.0
0.0
0.0
0.0
0.0
0.0
0.0
0.0
0.0
0.0
0.0
0.0
0.0
3.0751126
7.5378194
8.422416
4.546097
0.26932013
0.0
0.0
0.0
0.0
0.0
0.0
0.0
0.0
0.0
0.0
0.0
0.0
0.0
0.0
0.0
0.0
0.0
0.0
0.0
0.0
0.7223251
4.755574
8.443179
8.479006
4.547798
0.26932013
0.0
0.0
0.0
0.0
0.0
0.0
0.0
0.0
0.0
0.0
0.0
0.0
0.0
0.0
0.0
0.0
0.0
0.0
0.0
0.0
2.860188
6.7339125
9.017694
7.874796
3.9779696
0.09363407
0.0
0.0
0.0
0.0
0.0
0.0
0.0
0.0
0.0
0.0
0.0
0.0
0.0
0.0
0.0
0.0
0.0
0.0
0.0
1.293369
5.4063687
8.606769
8.204827
5.8601027
2.3150525
0.0
0.0
0.0
0.0
0.0
0.0
0.0
0.0
0.0
0.0
0.0
0.0
0.0
0.0
0.0
0.0
0.0
0.0
0.0
0.07794992
3.5694983
7.595161
8.3462925
6.1085973
2.817508
0.0
0.0
0.0
0.0
0.0
0.0
0.0
0.0
0.0
0.0
0.0
0.0
0.0
0.0
0.0
0.0
0.0
0.0
0.0
0.10331587
2.4394698
5.721934
7.523219
6.006213
2.8785002
0.0
0.0
0.0
0.0
0.0
0.0
0.0
0.0
0.0
0.0
0.0
0.0
0.0
0.0
0.0
0.0
0.0
0.0
0.0
0.9153197
2.931035
5.762509
6.9847956
5.2850513
2.4733176
0.0
0.0
0.0
0.0
0.0
0.0
0.0
0.0
0.0
0.0
0.0
0.0
0.0
0.0
0.0
0.0
0.0
0.0
0.0
1.2713828
3.949165
6.233258
7.021717
5.1935263
1.8969035
0.0
0.0
0.0
0.0
0.0
0.0
0.0
0.0
0.0
0.0
0.0
0.0
0.0
0.0
0.0
0.0
0.0
0.0
0.0
0.85654694
4.009712
6.7913413
6.7278705
4.569013
1.6551372
0.0
0.0
0.0
0.0
0.0
0.0
0.0
0.0
0.0
0.0
0.0
0.0
0.0
0.0
0.0
0.0
0.0
0.0
0.0
0.5016558
3.376308
6.2349114
6.3826613
3.733355
0.7899341
0.0
0.0
0.0
0.0
0.0
0.0
0.0
0.0
0.0
0.0
0.0
0.0
0.0
0.0
0.0
0.0
0.0
0.0
0.0
0.7803219
3.2372837
6.0135384
6.638956
3.8146346
0.5288899
0.0
0.0
0.0
0.0
0.0
0.0
0.0
0.0
0.0
0.0
0.0
0.0
0.0
0.0
0.0
0.0
0.0
0.0
0.0
0.0
2.4672642
5.623293
6.4439907
4.324573
1.0883031
0.0
0.0
0.0
0.0
0.0
0.0
0.0
0.0
0.0
0.0
0.0
0.0
0.0
0.0
0.0
0.0
0.0
0.0
0.0
0.0
0.0
2.0716453
4.4508543
3.6377645
1.1900613
0.0
0.0
0.0
0.0
0.0
0.0
0.0
0.0
0.0
0.0
0.0
0.0
0.0
0.0
0.0
0.0
0.0
0.0
0.0
0.0
0.0
0.0
0.3686241
1.0301744
0.0
0.0
0.0
0.0
0.0
0.0
0.0
0.0
0.0
0.0
0.0
0.0
0.0
0.0
0.0
0.0
0.0
0.0
0.0
0.0
0.0
0.0
0.0
0.0
0.0
0.0
0.0
0.0
0.0
0.0
0.0
0.0
0.0
0.0
0.0
0.0
0.0
0.0
0.0
0.0
0.0
0.0
0.0
0.0
0.0
0.0
0.20357212
0.20357212
0.20357212
0.20357212
0.20357212
0.20357212
0.20357212
0.20357212
0.20357212
0.20357212
0.20357212
0.20357212
0.20357212
0.20357212
0.20357212
0.20357212
0.20357212
0.20357212
0.20357212
0.20357212
0.20357212
0.20357212
0.20357212
0.20357212
0.20357212
0.20357212
0.20357212
0.20357212
0.20357212
0.20357212
0.20357212
0.20357212
0.20357212
0.20357212
0.20357212
0.20357212
0.20357212
0.20357212
0.20357212
0.20357212
0.20357212
0.20357212
0.20357212
0.20357212
0.20357212
0.20357212
0.20357212
0.20357212
0.20357212
0.20357212
0.20357212
0.20357212
0.20357212
0.20357212
0.20357212
0.20357212
0.20357212
0.20357212
0.20357212
0.20357212
0.20357212
0.20357212
0.20357212
0.20357212
0.20357212
0.20357212
0.20357212
0.20357212
0.20357212
0.20357212
0.20357212
0.20357212
0.20357212
0.20357212
0.20357212
0.20357212
0.20357212
0.20357212
0.20357212
0.20357212
0.20357212
0.20357212
0.20357212
0.20357212
0.20357212
0.20357212
0.20357212
0.20357212
0.20357212
0.20357212
0.20357212
0.20357212
0.24595748
0.44283944
0.66620773
0.8534298
1.549691
0.79945135
0.20357212
0.20357212
0.20357212
0.20357212
0.20357212
0.20357212
0.20357212
0.20357212
0.20357212
0.20357212
0.20357212
0.20357212
0.20357212
0.20357212
0.20357212
0.20357212
0.20357212
0.20357212
0.20357212
0.20357212
0.43551213
0.7291585
1.165617
1.5462887
1.1011953
1.2548721
0.32041118
0.20357212
0.20357212
0.20357212
0.20357212
0.20357212
0.20357212
0.20357212
0.20357212
0.20357212
0.20357212
0.20357212
0.20357212
0.20357212
0.20357212
0.20357212
0.20357212
0.20357212
0.20357212
0.20357212
0.47540566
0.35418797
0.0
0.46671984
0.68823373
1.2521046
0.29908675
0.20357212
0.20357212
0.20357212
0.20357212
0.20357212
0.20357212
0.20357212
0.20357212
0.20357212
0.20357212
0.20357212
0.20357212
0.20357212
0.20357212
0.20357212
0.20357212
0.20357212
0.20357212
0.20357212
0.2328853
0.0
0.0
0.0
0.42058986
0.35357392
0.18194354
0.20357212
0.20357212
0.20357212
0.20357212
0.20357212
0.20357212
0.20357212
0.20357212
0.20357212
0.20357212
0.20357212
0.20357212
0.20357212
0.20357212
0.20357212
0.20357212
0.20357212
0.20357212
0.22577398
0.43847233
0.0
0.041595973
0.0
0.5549684
0.04873473
0.20326796
0.20357212
0.20357212
0.20357212
0.20357212
0.20357212
0.20357212
0.20357212
0.20357212
0.20357212
0.20357212
0.20357212
0.20357212
0.20357212
0.20357212
0.20357212
0.20357212
0.20357212
0.20357212
0.48364916
0.4925836
0.20477165
0.0
0.0
0.6654393
0.20234022
0.20357212
0.20357212
0.20357212
0.20357212
0.20357212
0.20357212
0.20357212
0.20357212
0.20357212
0.20357212
0.20357212
0.20357212
0.20357212
0.20357212
0.20357212
0.20357212
0.20357212
0.20357212
0.20357212
0.7665279
0.0
0.010875127
0.0
0.0373389
0.017400432
0.20357212
0.20357212
0.20357212
0.20357212
0.20357212
0.20357212
0.20357212
0.20357212
0.20357212
0.20357212
0.20357212
0.20357212
0.20357212
0.20357212
0.20357212
0.20357212
0.20357212
0.20357212
0.20357212
0.28632447
0.5328947
0.0
0.0
0.0
0.5173628
0.20097145
0.20357212
0.20357212
0.20357212
0.20357212
0.20357212
0.20357212
0.20357212
0.20357212
0.20357212
0.20357212
0.20357212
0.20357212
0.20357212
0.20357212
0.20357212
0.20357212
0.20357212
0.20357212
0.20357212
0.50272447
0.1993366
0.0
0.11030806
0.42874482
1.0747478
0.20357212
0.20357212
0.20357212
0.20357212
0.20357212
0.20357212
0.20357212
0.20357212
0.20357212
0.20357212
0.20357212
0.20357212
0.20357212
0.20357212
0.20357212
0.20357212
0.20357212
0.20357212
0.20357212
0.24595748
0.6568314
0.0
0.08905771
0.106542654
0.4218519
1.0747478
0.20357212
0.20357212
0.20357212
0.20357212
0.20357212
0.20357212
0.20357212
0.20357212
0.20357212
0.20357212
0.20357212
0.20357212
0.20357212
0.20357212
0.20357212
0.20357212
0.20357212
0.20357212
0.20357212
0.66156733
0.33020347
0.5919832
0.110136665
0.0
0.4425079
0.48471054
0.20357212
0.20357212
0.20357212
0.20357212
0.20357212
0.20357212
0.20357212
0.20357212
0.20357212
0.20357212
0.20357212
0.20357212
0.20357212
0.20357212
0.20357212
0.20357212
0.20357212
0.20357212
0.28632447
0.8641727
0.031332515
0.22720607
0.0
0.0
0.0
0.113358766
0.20357212
0.20357212
0.20357212
0.20357212
0.20357212
0.20357212
0.20357212
0.20357212
0.20357212
0.20357212
0.20357212
0.20357212
0.20357212
0.20357212
0.20357212
0.20357212
0.20357212
0.22577398
0.670152
0.14721991
0.20251481
0.0
0.0
0.0
0.0
0.20232502
0.20357212
0.20357212
0.20357212
0.20357212
0.20357212
0.20357212
0.20357212
0.20357212
0.20357212
0.20357212
0.20357212
0.20357212
0.20357212
0.20357212
0.20357212
0.20357212
0.28632447
0.5941188
0.80941695
0.75206256
0.0
0.0
0.0
0.0
0.20281169
0.20357212
0.20357212
0.20357212
0.20357212
0.20357212
0.20357212
0.20357212
0.20357212
0.20357212
0.20357212
0.20357212
0.20357212
0.20357212
0.20357212
0.20357212
0.20357212
0.46999434
0.59442204
1.3585694
1.2484169
0.0
0.0
0.0
0.0
0.20232502
0.20357212
0.20357212
0.20357212
0.20357212
0.20357212
0.20357212
0.20357212
0.20357212
0.20357212
0.20357212
0.20357212
0.20357212
0.20357212
0.20357212
0.20357212
0.20357212
0.45182914
0.71902275
1.1883247
0.82057047
0.0
0.0
0.0
0.03798527
0.20281169
0.20357212
0.20357212
0.20357212
0.20357212
0.20357212
0.20357212
0.20357212
0.20357212
0.20357212
0.20357212
0.20357212
0.20357212
0.20357212
0.20357212
0.20357212
0.20357212
0.30852634
0.79966
0.45273802
0.43029222
0.0
0.0
0.0
0.16804186
0.20357212
0.20357212
0.20357212
0.20357212
0.20357212
0.20357212
0.20357212
0.20357212
0.20357212
0.20357212
0.20357212
0.20357212
0.20357212
0.20357212
0.20357212
0.20357212
0.20357212
0.36907682
0.59199744
0.8206353
0.19026446
0.0
0.0
0.0
0.10397971
0.20311585
0.20357212
0.20357212
0.20357212
0.20357212
0.20357212
0.20357212
0.20357212
0.20357212
0.20357212
0.20357212
0.20357212
0.20357212
0.20357212
0.20357212
0.20357212
0.20357212
0.3488933
0.7229029
0.8120934
0.85467815
0.0
0.0
0.0
0.20171666
0.20357212
0.20357212
0.20357212
0.20357212
0.20357212
0.20357212
0.20357212
0.20357212
0.20357212
0.20357212
0.20357212
0.20357212
0.20357212
0.20357212
0.20357212
0.20357212
0.20357212
0.20357212
0.43625218
0.63136923
0.0
0.0
0.0
0.0
0.15830576
0.20357212
0.20357212
0.20357212
0.20357212
0.20357212
0.20357212
0.20357212
0.20357212
0.20357212
0.20357212
0.20357212
0.20357212
0.20357212
0.20357212
0.20357212
0.20357212
0.20357212
0.20357212
0.20357212
0.07682496
0.0
0.0
0.0
0.0
0.035582814
0.20294857
0.20357212
0.20357212
0.20357212
0.20357212
0.20357212
0.20357212
0.20357212
0.20357212
0.20357212
0.20357212
0.20357212
0.20357212
0.20357212
0.20357212
0.20357212
0.20357212
0.20357212
0.20357212
0.20357212
0.0
0.0
0.0
0.0
0.10457286
0.20311585
0.20357212
0.20357212
0.20357212
0.20357212
0.20357212
0.20357212
0.20357212
0.20357212
0.20357212
0.20357212
0.20357212
0.20357212
0.20357212
0.20357212
0.20357212
0.20357212
0.20357212
0.20357212
0.20357212
0.20357212
0.20357212
0.20357212
0.20357212
0.20357212
0.20357212
0.20357212
0.20357212
0.20357212
0.20357212
0.20357212
0.20357212
0.20357212
0.20357212
0.20357212
0.20357212
0.20357212
0.20357212
0.20357212
0.20357212
0.20357212
0.20357212
0.20357212
0.20357212
0.0
0.0
0.0
0.0
0.0
0.0
0.0
0.0
0.0
0.0
0.0
0.0
0.0
0.0
0.0
0.0
0.0
0.0
0.0
0.0
0.0
0.0
0.0
0.0
0.0
0.0
0.0
0.0
0.0
0.0
0.0
0.0
0.0
0.0
0.0
0.0
0.0
0.0
0.0
0.0
0.0
0.0
0.0
0.0
0.0
0.0
0.0
0.0
0.0
0.0
0.0
0.0
0.0
0.0
0.0
0.0
0.0
0.0
0.0
0.0
0.0
0.0
0.0
0.0
0.0
0.0
0.0
0.0
0.0
0.0
0.0
0.0
0.0
0.0
0.0
0.0
0.0
0.0
0.0
0.0
0.0
0.0
0.0
0.0
0.0
0.0
0.0
0.0
0.0
0.0
0.0
0.0
0.0
0.0
0.010772557
0.91529864
0.17057328
0.0
0.0
0.0
0.0
0.0
0.0
0.0
0.0
0.0
0.0
0.0
0.0
0.0
0.0
0.0
0.0
0.0
0.0
0.0
0.0
0.0
0.0
0.73717964
3.3334615
3.1107209
0.60499823
0.0
0.0
0.0
0.0
0.0
0.0
0.0
0.0
0.0
0.0
0.0
0.0
0.0
0.0
0.0
0.0
0.0
0.0
0.0
0.0
0.0
0.0
2.5670416
5.1956663
4.430455
1.5130268
0.0
0.0
0.0
0.0
0.0
0.0
0.0
0.0
0.0
0.0
0.0
0.0
0.0
0.0
0.0
0.0
0.0
0.0
0.0
0.0
0.0
0.01843785
3.300094
5.523542
4.5884724
1.1951392
0.0
0.0
0.0
0.0
0.0
0.0
0.0
0.0
0.0
0.0
0.0
0.0
0.0
0.0
0.0
0.0
0.0
0.0
0.0
0.0
0.0
0.16100737
4.0137153
5.7799344
3.725585
0.0
0.0
0.0
0.0
0.0
0.0
0.0
0.0
0.0
0.0
0.0
0.0
0.0
0.0
0.0
0.0
0.0
0.0
0.0
0.0
0.0
0.0
1.7074418
5.2338724
5.417564
2.2174716
0.0
0.0
0.0
0.0
0.0
0.0
0.0
0.0
0.0
0.0
0.0
0.0
0.0
0.0
0.0
0.0
0.0
0.0
0.0
0.0
0.0
0.0
3.6918356
5.613558
4.028322
0.17299168
0.0
0.0
0.0
0.0
0.0
0.0
0.0
0.0
0.0
0.0
0.0
0.0
0.0
0.0
0.0
0.0
0.0
0.0
0.0
0.0
0.0
1.1719096
5.179698
4.918899
2.1402478
0.0
0.0
0.0
0.0
0.0
0.0
0.0
0.0
0.0
0.0
0.0
0.0
0.0
0.0
0.0
0.0
0.0
0.0
0.0
0.0
0.0
0.0
2.4812174
5.799871
4.4134483
1.295705
0.0
0.0
0.0
0.0
0.0
0.0
0.0
0.0
0.0
0.0
0.0
0.0
0.0
0.0
0.0
0.0
0.0
0.0
0.0
0.0
0.0
0.15122515
3.9987774
5.820202
4.3393207
1.2915937
0.0
0.0
0.0
0.0
0.0
0.0
0.0
0.0
0.0
0.0
0.0
0.0
0.0
0.0
0.0
0.0
0.0
0.0
0.0
0.0
0.0
2.4224823
5.528666
5.386218
4.151917
0.6174036
0.0
0.0
0.0
0.0
0.0
0.0
0.0
0.0
0.0
0.0
0.0
0.0
0.0
0.0
0.0
0.0
0.0
0.0
0.0
0.0
0.79583865
4.654409
5.4683695
4.7352786
2.1395445
0.0
0.0
0.0
0.0
0.0
0.0
0.0
0.0
0.0
0.0
0.0
0.0
0.0
0.0
0.0
0.0
0.0
0.0
0.0
0.0
0.0
3.0702918
5.988645
4.770208
2.3251948
0.0
0.0
0.0
0.0
0.0
0.0
0.0
0.0
0.0
0.0
0.0
0.0
0.0
0.0
0.0
0.0
0.0
0.0
0.0
0.0
0.0
2.10093
5.1332593
4.9221525
2.216675
0.0
0.0
0.0
0.0
0.0
0.0
0.0
0.0
0.0
0.0
0.0
0.0
0.0
0.0
0.0
0.0
0.0
0.0
0.0
0.0
0.21866354
2.6567142
4.894911
4.783613
1.6036797
0.0
0.0
0.0
0.0
0.0
0.0
0.0
0.0
0.0
0.0
0.0
0.0
0.0
0.0
0.0
0.0
0.0
0.0
0.0
0.0
0.7285439
3.5936618
4.8864546
4.231
1.3713582
0.0
0.0
0.0
0.0
0.0
0.0
0.0
0.0
0.0
0.0
0.0
0.0
0.0
0.0
0.0
0.0
0.0
0.0
0.0
0.0
0.22735006
3.662773
5.2095866
3.4519582
0.75526094
0.0
0.0
0.0
0.0
0.0
0.0
0.0
0.0
0.0
0.0
0.0
0.0
0.0
0.0
0.0
0.0
0.0
0.0
0.0
0.0
0.0
2.9938858
5.32278
3.1546836
0.20885621
0.0
0.0
0.0
0.0
0.0
0.0
0.0
0.0
0.0
0.0
0.0
0.0
0.0
0.0
0.0
0.0
0.0
0.0
0.0
0.0
0.09760265
2.9207597
4.8762226
3.8082638
0.252921
0.0
0.0
0.0
0.0
0.0
0.0
0.0
0.0
0.0
0.0
0.0
0.0
0.0
0.0
0.0
0.0
0.0
0.0
0.0
0.0
0.0
1.9136944
4.6947937
3.4049723
0.8967559
0.0
0.0
0.0
0.0
0.0
0.0
0.0
0.0
0.0
0.0
0.0
0.0
0.0
0.0
0.0
0.0
0.0
0.0
0.0
0.0
0.0
0.0
2.138431
2.6138833
0.0
0.0
0.0
0.0
0.0
0.0
0.0
0.0
0.0
0.0
0.0
0.0
0.0
0.0
0.0
0.0
0.0
0.0
0.0
0.0
0.0
0.0
0.0
0.0
0.08856494
0.12463874
0.0
0.0
0.0
0.0
0.0
0.0
0.0
0.0
0.0
0.0
0.0
0.0
0.0
0.0
0.0
0.0
0.0
0.0
0.0
0.0
0.0
0.0
0.0
0.0
0.0
0.0
0.0
0.0
0.0
0.0
0.0
0.0
0.0
0.0
0.0
0.0
0.0
0.0
0.0
0.0
0.0
0.0
0.0
0.0
0.0
0.0
0.0
0.0
0.0
0.0
0.0
0.0
0.0
0.0
0.0
0.0
0.0
0.0
0.0
0.0
0.0
0.0
0.0
0.0
0.0
0.0
0.0
0.0
0.0
0.0
0.0
0.0
0.0
0.0
0.0
0.0
0.0
0.0
0.0
0.0
0.0
0.0
0.0
0.0
0.0
0.0
0.0
0.0
0.0
0.0
0.0
0.0
0.0
0.0
0.0
0.0
0.0
0.0
0.0
0.0
0.0
0.0
0.0
0.0
0.0
0.0
0.0
0.0
0.0
0.0
0.0
0.0
0.0
0.0
0.0
0.0
0.0
0.0
0.0
0.0
0.0
0.0
0.0
0.0
0.0
0.0
0.0
0.0
0.0
0.0
0.0
0.0
0.0
0.0
0.0
0.0
0.0
0.0
0.0
0.0
0.0
0.0
0.0
0.0
0.0
0.0
0.0
0.0
0.0
0.0
0.0
0.0
0.0
0.0
0.0
0.0
0.0
0.0
0.0
0.0
0.0
0.0
0.0
0.0
0.0
0.30421987
0.42583257
0.0
0.0
0.0
0.0
0.0
0.0
0.0
0.0
0.0
0.0
0.0
0.0
0.0
0.0
0.0
0.0
0.0
0.0
0.0
0.0
0.0
0.0
0.0
0.3918041
1.9160534
2.4199429
2.8253517
0.55581814
0.0
0.0
0.0
0.0
0.0
0.0
0.0
0.0
0.0
0.0
0.0
0.0
0.0
0.0
0.0
0.0
0.0
0.0
0.0
0.0
0.0
0.50296134
2.6623087
3.7397482
3.6597168
2.1018844
0.87734526
0.0
0.0
0.0
0.0
0.0
0.0
0.0
0.0
0.0
0.0
0.0
0.0
0.0
0.0
0.0
0.0
0.0
0.0
0.0
0.0
0.5498903
2.0103505
3.1393864
2.4158452
1.9812589
0.9832931
0.0
0.0
0.0
0.0
0.0
0.0
0.0
0.0
0.0
0.0
0.0
0.0
0.0
0.0
0.0
0.0
0.0
0.0
0.0
0.0
0.90893745
1.6000426
3.1390011
1.9961832
1.0908359
0.0
0.0
0.0
0.0
0.0
0.0
0.0
0.0
0.0
0.0
0.0
0.0
0.0
0.0
0.0
0.0
0.0
0.0
0.0
0.0
0.73885065
1.4655205
2.3640769
3.3633559
2.8778026
1.2320431
0.0
0.0
0.0
0.0
0.0
0.0
0.0
0.0
0.0
0.0
0.0
0.0
0.0
0.0
0.0
0.0
0.0
0.0
0.0
0.0
1.395401
2.2480314
2.7247684
1.7924908
1.4828616
0.34697273
0.0
0.0
0.0
0.0
0.0
0.0
0.0
0.0
0.0
0.0
0.0
0.0
0.0
0.0
0.0
0.0
0.0
0.0
0.0
0.0
1.5431694
2.6219969
3.1735086
1.0801667
0.0
0.0
0.0
0.0
0.0
0.0
0.0
0.0
0.0
0.0
0.0
0.0
0.0
0.0
0.0
0.0
0.0
0.0
0.0
0.0
0.0
0.6014029
1.550791
2.8091776
3.3952866
1.0826484
0.0
0.0
0.0
0.0
0.0
0.0
0.0
0.0
0.0
0.0
0.0
0.0
0.0
0.0
0.0
0.0
0.0
0.0
0.0
0.0
0.0
0.6245637
1.3518574
3.3233302
3.3944206
1.7189463
0.4441683
0.0
0.0
0.0
0.0
0.0
0.0
0.0
0.0
0.0
0.0
0.0
0.0
0.0
0.0
0.0
0.0
0.0
0.0
0.0
1.2530235
1.4330344
2.555786
3.7136753
3.472869
2.7028928
0.62292945
0.0
0.0
0.0
0.0
0.0
0.0
0.0
0.0
0.0
0.0
0.0
0.0
0.0
0.0
0.0
0.0
0.0
0.0
0.0
1.0104265
2.1207368
3.6815228
3.1127963
2.880424
1.386971
0.0
0.0
0.0
0.0
0.0
0.0
0.0
0.0
0.0
0.0
0.0
0.0
0.0
0.0
0.0
0.0
0.0
0.0
0.0
0.18497598
0.6698761
2.837807
3.7561746
3.1173868
1.2449845
0.0
0.0
0.0
0.0
0.0
0.0
0.0
0.0
0.0
0.0
0.0
0.0
0.0
0.0
0.0
0.0
0.0
0.0
0.0
0.0
0.28587356
1.7737494
3.1763022
3.2133927
1.386971
0.0
0.0
0.0
0.0
0.0
0.0
0.0
0.0
0.0
0.0
0.0
0.0
0.0
0.0
0.0
0.0
0.0
0.0
0.11631768
0.3121913
0.8015349
2.9613988
3.239676
2.6351035
0.81144476
0.0
0.0
0.0
0.0
0.0
0.0
0.0
0.0
0.0
0.0
0.0
0.0
0.0
0.0
0.0
0.0
0.0
0.0
0.41579393
0.7471088
1.5892106
3.0549061
3.5970852
2.8778012
0.7609782
0.0
0.0
0.0
0.0
0.0
0.0
0.0
0.0
0.0
0.0
0.0
0.0
0.0
0.0
0.0
0.0
0.0
0.0
0.0
0.55264527
1.1583959
2.7815797
3.2060182
2.057097
0.3398327
0.0
0.0
0.0
0.0
0.0
0.0
0.0
0.0
0.0
0.0
0.0
0.0
0.0
0.0
0.0
0.0
0.0
0.0
0.0
0.065995894
0.7737094
1.9636967
2.4064999
1.5328282
0.080711536
0.0
0.0
0.0
0.0
0.0
0.0
0.0
0.0
0.0
0.0
0.0
0.0
0.0
0.0
0.0
0.0
0.0
0.0
0.0845926
1.759806
1.7028806
2.8115947
3.3957067
1.9344945
0.07740853
0.0
0.0
0.0
0.0
0.0
0.0
0.0
0.0
0.0
0.0
0.0
0.0
0.0
0.0
0.0
0.0
0.0
0.0
0.0
0.097140454
2.5916922
3.7528918
3.88728
2.294039
0.7168055
0.0
0.0
0.0
0.0
0.0
0.0
0.0
0.0
0.0
0.0
0.0
0.0
0.0
0.0
0.0
0.0
0.0
0.0
0.0
0.0
0.0
0.23852232
1.6874036
1.4702613
0.1279106
0.0
0.0
0.0
0.0
0.0
0.0
0.0
0.0
0.0
0.0
0.0
0.0
0.0
0.0
0.0
0.0
0.0
0.0
0.0
0.0
0.0
0.0
0.0
0.0
0.0
0.0
0.0
0.0
0.0
0.0
0.0
0.0
0.0
0.0
0.0
0.0
0.0
0.0
0.0
0.0
0.0
0.0
0.0
0.0
0.130807
0.130807
0.130807
0.130807
0.130807
0.130807
0.130807
0.130807
0.130807
0.130807
0.130807
0.130807
0.130807
0.130807
0.130807
0.130807
0.130807
0.130807
0.130807
0.130807
0.130807
0.130807
0.130807
0.130807
0.130807
0.130807
0.130807
0.130807
0.130807
0.130807
0.130807
0.130807
0.130807
0.130807
0.130807
0.130807
0.130807
0.130807
0.130807
0.130807
0.130807
0.130807
0.130807
0.130807
0.130807
0.130807
0.130807
0.130807
0.130807
0.130807
0.130807
0.130807
0.130807
0.130807
0.130807
0.130807
0.130807
0.130807
0.130807
0.130807
0.130807
0.130807
0.130807
0.130807
0.130807
0.130807
0.130807
0.130807
0.130807
0.130807
0.130807
0.130807
0.130807
0.130807
0.130807
0.130807
0.130807
0.130807
0.130807
0.130807
0.130807
0.130807
0.130807
0.130807
0.130807
0.130807
0.130807
0.130807
0.130807
0.130807
0.130807
0.130807
0.03206394
0.0
0.0
0.0
0.2172878
0.31769383
0.130807
0.130807
0.130807
0.130807
0.130807
0.130807
0.130807
0.130807
0.130807
0.130807
0.130807
0.130807
0.130807
0.130807
0.130807
0.130807
0.130807
0.130807
0.130807
0.130807
0.0
0.0
0.0
0.0
0.055144556
0.5213064
0.16745147
0.130807
0.130807
0.130807
0.130807
0.130807
0.130807
0.130807
0.130807
0.130807
0.130807
0.130807
0.130807
0.130807
0.130807
0.130807
0.130807
0.130807
0.130807
0.130807
0.0
0.0
0.0
0.0
0.75328416
0.97358835
0.18558748
0.130807
0.130807
0.130807
0.130807
0.130807
0.130807
0.130807
0.130807
0.130807
0.130807
0.130807
0.130807
0.130807
0.130807
0.130807
0.130807
0.130807
0.130807
0.130807
0.0
0.0
0.0
0.7476643
1.2586492
1.084469
0.20913635
0.130807
0.130807
0.130807
0.130807
0.130807
0.130807
0.130807
0.130807
0.130807
0.130807
0.130807
0.130807
0.130807
0.130807
0.130807
0.130807
0.130807
0.130807
0.07908445
0.0
0.0
0.0
0.69911915
1.3686285
0.85435706
0.19100034
0.130807
0.130807
0.130807
0.130807
0.130807
0.130807
0.130807
0.130807
0.130807
0.130807
0.130807
0.130807
0.130807
0.130807
0.130807
0.130807
0.130807
0.130807
0.0
0.0
0.0
0.0
0.81259
1.334506
0.37459007
0.130807
0.130807
0.130807
0.130807
0.130807
0.130807
0.130807
0.130807
0.130807
0.130807
0.130807
0.130807
0.130807
0.130807
0.130807
0.130807
0.130807
0.130807
0.130807
0.0
0.0
0.0
1.0803702
1.2887889
1.0473156
0.130807
0.130807
0.130807
0.130807
0.130807
0.130807
0.130807
0.130807
0.130807
0.130807
0.130807
0.130807
0.130807
0.130807
0.130807
0.130807
0.130807
0.130807
0.130807
0.0
0.0
0.0
0.0
0.67177397
1.1877286
0.64546007
0.130807
0.130807
0.130807
0.130807
0.130807
0.130807
0.130807
0.130807
0.130807
0.130807
0.130807
0.130807
0.130807
0.130807
0.130807
0.130807
0.130807
0.130807
0.130807
0.0
0.0
0.0
0.031484988
0.826978
1.1828176
0.130807
0.130807
0.130807
0.130807
0.130807
0.130807
0.130807
0.130807
0.130807
0.130807
0.130807
0.130807
0.130807
0.130807
0.130807
0.130807
0.130807
0.130807
0.130807
0.03206394
0.0
0.0
0.0
0.1535984
0.8230429
1.1828176
0.130807
0.130807
0.130807
0.130807
0.130807
0.130807
0.130807
0.130807
0.130807
0.130807
0.130807
0.130807
0.130807
0.130807
0.130807
0.130807
0.130807
0.130807
0.130807
0.0
0.0
0.0
0.0
0.7007144
1.1637086
0.9977629
0.130807
0.130807
0.130807
0.130807
0.130807
0.130807
0.130807
0.130807
0.130807
0.130807
0.130807
0.130807
0.130807
0.130807
0.130807
0.130807
0.130807
0.130807
0.0
0.0
0.0
0.0
0.8767263
1.4099113
1.0343858
0.75593376
0.130807
0.130807
0.130807
0.130807
0.130807
0.130807
0.130807
0.130807
0.130807
0.130807
0.130807
0.130807
0.130807
0.130807
0.130807
0.130807
0.130807
0.07908445
0.0
0.0
0.0
0.7005308
1.1730485
0.98235285
0.77872825
0.37759972
0.130807
0.130807
0.130807
0.130807
0.130807
0.130807
0.130807
0.130807
0.130807
0.130807
0.130807
0.130807
0.130807
0.130807
0.130807
0.130807
0.0
0.0
0.0
0.0
0.44426313
1.3151885
0.95461893
0.84625167
0.28129035
0.130807
0.130807
0.130807
0.130807
0.130807
0.130807
0.130807
0.130807
0.130807
0.130807
0.130807
0.130807
0.130807
0.130807
0.130807
0.130807
0.0
0.0
0.0
0.0
0.36560628
1.3245718
0.7949317
0.77872825
0.37759972
0.130807
0.130807
0.130807
0.130807
0.130807
0.130807
0.130807
0.130807
0.130807
0.130807
0.130807
0.130807
0.130807
0.130807
0.130807
0.130807
0.0
0.0
0.0
0.0
0.8482121
0.9302638
0.9048577
0.6484977
0.28129035
0.130807
0.130807
0.130807
0.130807
0.130807
0.130807
0.130807
0.130807
0.130807
0.130807
0.130807
0.130807
0.130807
0.130807
0.130807
0.130807
0.0
0.0
0.0
0.0
0.8926863
1.1359082
0.7565312
0.8592635
0.130807
0.130807
0.130807
0.130807
0.130807
0.130807
0.130807
0.130807
0.130807
0.130807
0.130807
0.130807
0.130807
0.130807
0.130807
0.130807
0.130807
0.0
0.0
0.0
0.0
0.9436493
1.0205902
0.83047855
0.48897424
0.221097
0.130807
0.130807
0.130807
0.130807
0.130807
0.130807
0.130807
0.130807
0.130807
0.130807
0.130807
0.130807
0.130807
0.130807
0.130807
0.130807
0.0
0.0
0.0
0.0
0.18223906
1.0446569
0.8257837
0.49798638
0.130807
0.130807
0.130807
0.130807
0.130807
0.130807
0.130807
0.130807
0.130807
0.130807
0.130807
0.130807
0.130807
0.130807
0.130807
0.130807
0.130807
0.130807
0.010135345
0.0
0.0
0.91994506
0.95088613
1.0086683
0.47497186
0.130807
0.130807
0.130807
0.130807
0.130807
0.130807
0.130807
0.130807
0.130807
0.130807
0.130807
0.130807
0.130807
0.130807
0.130807
0.130807
0.130807
0.130807
0.130807
0.31279385
0.7451681
0.48002937
0.93065417
0.71830106
0.6263382
0.25420335
0.130807
0.130807
0.130807
0.130807
0.130807
0.130807
0.130807
0.130807
0.130807
0.130807
0.130807
0.130807
0.130807
0.130807
0.130807
0.130807
0.130807
0.130807
0.130807
0.10297272
0.0
0.0051930277
0.7667779
0.3715972
0.221097
0.130807
0.130807
0.130807
0.130807
0.130807
0.130807
0.130807
0.130807
0.130807
0.130807
0.130807
0.130807
0.130807
0.130807
0.130807
0.130807
0.130807
0.130807
0.130807
0.130807
0.130807
0.130807
0.130807
0.130807
0.130807
0.130807
0.130807
0.130807
0.130807
0.130807
0.130807
0.130807
0.130807
0.130807
0.130807
0.130807
0.130807
0.130807
0.130807
0.130807
0.130807
0.130807
0.130807
0.0
0.0
0.0
0.0
0.0
0.0
0.0
0.0
0.0
0.0
0.0
0.0
0.0
0.0
0.0
0.0
0.0
0.0
0.0
0.0
0.0
0.0
0.0
0.0
0.0
0.0
0.0
0.0
0.0
0.0
0.0
0.0
0.0
0.0
0.0
0.0
0.0
0.0
0.0
0.0
0.0
0.0
0.0
0.0
0.0
0.0
0.0
0.0
0.0
0.0
0.0
0.0
0.0
0.0
0.0
0.0
0.0
0.0
0.0
0.0
0.0
0.0
0.0
0.0
0.0
0.0
0.0
0.0
0.0
0.0
0.0
0.0
0.0
0.0
0.0
0.0
0.0
0.0
0.0
0.0
0.0
0.0
0.0
0.0
0.0
0.0
0.0
0.0
0.0
0.0
0.0
0.0
0.0
0.0
0.0
0.0
0.0
0.0
0.0
0.0
0.0
0.0
0.0
0.0
0.0
0.0
0.0
0.0
0.0
0.0
0.0
0.0
0.0
0.0
0.0
0.0
0.0
0.0
0.0
0.0
0.0
0.0
0.0
0.0
0.0
0.0
0.0
0.0
0.0
0.0
0.0
0.0
0.0
0.0
0.0
0.0
0.0
0.0
0.0
0.0
0.0
0.0
0.0
0.0
0.0
0.18580757
0.85904545
0.42498332
0.84130204
0.3622949
0.0
0.0
0.0
0.0
0.0
0.0
0.0
0.0
0.0
0.0
0.0
0.0
0.0
0.0
0.0
0.0
0.0
0.0
0.0
0.0
0.22724845
0.7403963
1.0244467
2.2262688
1.5463862
1.4242463
0.0
0.0
0.0
0.0
0.0
0.0
0.0
0.0
0.0
0.0
0.0
0.0
0.0
0.0
0.0
0.0
0.0
0.0
0.0
0.0
0.0
0.23062597
0.62988967
2.198193
1.1921781
1.0600759
0.0
0.0
0.0
0.0
0.0
0.0
0.0
0.0
0.0
0.0
0.0
0.0
0.0
0.0
0.0
0.0
0.0
0.0
0.0
0.0
0.0
0.1715928
1.367016
1.4862517
1.2770958
0.107559614
0.0
0.0
0.0
0.0
0.0
0.0
0.0
0.0
0.0
0.0
0.0
0.0
0.0
0.0
0.0
0.0
0.0
0.0
0.0
0.0
0.31968805
0.7562102
2.7719264
1.6455681
1.6277629
0.0
0.0
0.0
0.0
0.0
0.0
0.0
0.0
0.0
0.0
0.0
0.0
0.0
0.0
0.0
0.0
0.0
0.0
0.0
0.0
0.0
0.36619094
1.2167438
1.6395108
0.766453
0.49916258
0.0
0.0
0.0
0.0
0.0
0.0
0.0
0.0
0.0
0.0
0.0
0.0
0.0
0.0
0.0
0.0
0.0
0.0
0.0
0.0
0.35109833
0.28475472
1.3462929
0.80705357
0.7636006
0.0
0.0
0.0
0.0
0.0
0.0
0.0
0.0
0.0
0.0
0.0
0.0
0.0
0.0
0.0
0.0
0.0
0.0
0.0
0.0
0.0
0.35146555
0.43939927
1.5338781
0.81056964
0.7636006
0.0
0.0
0.0
0.0
0.0
0.0
0.0
0.0
0.0
0.0
0.0
0.0
0.0
0.0
0.0
0.0
0.0
0.0
0.0
0.0
0.0
0.0
1.2210383
2.0391042
1.2953001
1.1023338
0.0
0.0
0.0
0.0
0.0
0.0
0.0
0.0
0.0
0.0
0.0
0.0
0.0
0.0
0.0
0.0
0.0
0.0
0.0
0.0
0.40052179
0.8063129
2.608198
2.8133502
1.7479252
0.9214824
0.0
0.0
0.0
0.0
0.0
0.0
0.0
0.0
0.0
0.0
0.0
0.0
0.0
0.0
0.0
0.0
0.0
0.0
0.0
0.0
0.0691242
2.427355
2.839076
1.886978
0.8499197
0.11191075
0.0
0.0
0.0
0.0
0.0
0.0
0.0
0.0
0.0
0.0
0.0
0.0
0.0
0.0
0.0
0.0
0.0
0.0
0.0
0.26717612
1.8067209
3.229351
1.9381963
1.050815
0.0
0.0
0.0
0.0
0.0
0.0
0.0
0.0
0.0
0.0
0.0
0.0
0.0
0.0
0.0
0.0
0.0
0.0
0.0
0.0
0.0
1.650775
2.8393366
1.9769361
0.8499197
0.11191075
0.0
0.0
0.0
0.0
0.0
0.0
0.0
0.0
0.0
0.0
0.0
0.0
0.0
0.0
0.0
0.0
0.0
0.0
0.0
0.8828491
2.3984213
2.8413138
1.7423481
0.50231206
0.0
0.0
0.0
0.0
0.0
0.0
0.0
0.0
0.0
0.0
0.0
0.0
0.0
0.0
0.0
0.0
0.0
0.0
0.0
0.0
1.0533377
2.6471713
3.0695136
1.1631076
0.904338
0.0
0.0
0.0
0.0
0.0
0.0
0.0
0.0
0.0
0.0
0.0
0.0
0.0
0.0
0.0
0.0
0.0
0.0
0.0
0.0
0.7589362
2.4418535
2.308712
1.3382001
0.2721821
0.0
0.0
0.0
0.0
0.0
0.0
0.0
0.0
0.0
0.0
0.0
0.0
0.0
0.0
0.0
0.0
0.0
0.0
0.0
0.0
0.5886707
1.4359092
1.9468573
0.8373757
0.2859564
0.0
0.0
0.0
0.0
0.0
0.0
0.0
0.0
0.0
0.0
0.0
0.0
0.0
0.0
0.0
0.0
0.0
0.0
0.0
0.0
1.251464
2.454139
2.267946
1.5149678
0.38398662
0.0
0.0
0.0
0.0
0.0
0.0
0.0
0.0
0.0
0.0
0.0
0.0
0.0
0.0
0.0
0.0
0.0
0.0
0.0
0.39305374
2.1683939
2.58311
3.0147445
1.2360588
0.5665743
0.0
0.0
0.0
0.0
0.0
0.0
0.0
0.0
0.0
0.0
0.0
0.0
0.0
0.0
0.0
0.0
0.0
0.0
0.0
0.0
0.1505808
1.0334563
0.13182895
0.85636944
0.10248753
0.0
0.0
0.0
0.0
0.0
0.0
0.0
0.0
0.0
0.0
0.0
0.0
0.0
0.0
0.0
0.0
0.0
0.0
0.0
0.0
0.0
0.0
0.0
0.0
0.0
0.0
0.0
0.0
0.0
0.0
0.0
0.0
0.0
0.0
0.0
0.0
0.0
0.0
0.0
0.0
0.0
0.0
0.0
0.0
0.0
0.0
0.0
0.0
0.0
0.0
0.0
0.0
0.0
0.0
0.0
0.0
0.0
0.0
0.0
0.0
0.0
0.0
0.0
0.0
0.0
0.0
0.0
0.0
0.0
0.0
0.0
0.0
0.0
0.0
0.0
0.0
0.0
0.0
0.0
0.0
0.0
0.0
0.0
0.0
0.0
0.0
0.0
0.0
0.0
0.0
0.0
0.0
0.0
0.0
0.0
0.0
0.0
0.0
0.0
0.0
0.0
0.0
0.0
0.0
0.0
0.0
0.0
0.0
0.0
0.0
0.0
0.0
0.0
0.0
0.0
0.0
0.0
0.0
0.0
0.0
0.0
0.0
0.0
0.0
0.0
0.0
0.0
0.0
0.0
0.0
0.0
0.0
0.0
0.0
0.0
0.0
0.0
0.0
0.9214623
0.35873666
0.0
0.0
0.0
0.0
0.0
0.0
0.0
0.0
0.0
0.0
0.0
0.0
0.0
0.0
0.0
0.0
0.0
0.0
0.0
0.0
0.0
0.0
0.0
1.1200761
2.1217744
2.1306927
0.7563894
0.0
0.0
0.0
0.0
0.0
0.0
0.0
0.0
0.0
0.0
0.0
0.0
0.0
0.0
0.0
0.0
0.0
0.0
0.0
0.0
0.0
0.0
2.188575
4.5197287
4.2257676
1.1692841
0.0
0.0
0.0
0.0
0.0
0.0
0.0
0.0
0.0
0.0
0.0
0.0
0.0
0.0
0.0
0.0
0.0
0.0
0.0
0.0
0.0
0.19316335
3.046556
4.9969635
3.5756927
1.2255076
0.0
0.0
0.0
0.0
0.0
0.0
0.0
0.0
0.0
0.0
0.0
0.0
0.0
0.0
0.0
0.0
0.0
0.0
0.0
0.0
0.0
0.73525137
3.5065324
4.5822725
3.1015925
0.30020216
0.0
0.0
0.0
0.0
0.0
0.0
0.0
0.0
0.0
0.0
0.0
0.0
0.0
0.0
0.0
0.0
0.0
0.0
0.0
0.0
0.0
1.6162447
3.750086
4.484448
2.2172136
0.0
0.0
0.0
0.0
0.0
0.0
0.0
0.0
0.0
0.0
0.0
0.0
0.0
0.0
0.0
0.0
0.0
0.0
0.0
0.0
0.0
0.43649423
3.000415
4.406807
3.1376896
1.0923455
0.0
0.0
0.0
0.0
0.0
0.0
0.0
0.0
0.0
0.0
0.0
0.0
0.0
0.0
0.0
0.0
0.0
0.0
0.0
0.0
0.0
1.2653897
4.2351084
4.348705
2.235042
0.0
0.0
0.0
0.0
0.0
0.0
0.0
0.0
0.0
0.0
0.0
0.0
0.0
0.0
0.0
0.0
0.0
0.0
0.0
0.0
0.0
0.0
2.1230254
4.758155
4.0300927
1.2682953
0.0
0.0
0.0
0.0
0.0
0.0
0.0
0.0
0.0
0.0
0.0
0.0
0.0
0.0
0.0
0.0
0.0
0.0
0.0
0.0
0.0
0.6526884
3.2251318
4.790655
3.9132726
1.2790082
0.0
0.0
0.0
0.0
0.0
0.0
0.0
0.0
0.0
0.0
0.0
0.0
0.0
0.0
0.0
0.0
0.0
0.0
0.0
0.0
0.2732629
2.105051
3.655109
4.732782
3.3729403
0.9009856
0.0
0.0
0.0
0.0
0.0
0.0
0.0
0.0
0.0
0.0
0.0
0.0
0.0
0.0
0.0
0.0
0.0
0.0
0.0
0.0
0.9159959
3.4813473
4.8173556
3.6175957
2.0818179
0.7059603
0.0
0.0
0.0
0.0
0.0
0.0
0.0
0.0
0.0
0.0
0.0
0.0
0.0
0.0
0.0
0.0
0.0
0.0
0.0
0.34036338
2.476495
4.3243732
3.776146
2.3470757
0.98582387
0.0
0.0
0.0
0.0
0.0
0.0
0.0
0.0
0.0
0.0
0.0
0.0
0.0
0.0
0.0
0.0
0.0
0.0
0.0
0.4374909
1.6230793
2.8039658
3.8381736
2.396451
1.1617581
0.0
0.0
0.0
0.0
0.0
0.0
0.0
0.0
0.0
0.0
0.0
0.0
0.0
0.0
0.0
0.0
0.0
0.0
0.0
1.0495076
1.5029422
2.6486938
3.5914052
1.9189557
1.1431711
0.0
0.0
0.0
0.0
0.0
0.0
0.0
0.0
0.0
0.0
0.0
0.0
0.0
0.0
0.0
0.0
0.0
0.0
0.0
1.1153761
2.0897965
2.9029932
3.3959894
2.4402084
0.61492485
0.0
0.0
0.0
0.0
0.0
0.0
0.0
0.0
0.0
0.0
0.0
0.0
0.0
0.0
0.0
0.0
0.0
0.0
0.0
0.79281825
2.4829216
3.3722348
3.1714473
1.9178954
0.558852
0.0
0.0
0.0
0.0
0.0
0.0
0.0
0.0
0.0
0.0
0.0
0.0
0.0
0.0
0.0
0.0
0.0
0.0
0.0
0.6652385
1.9597067
3.2018466
2.857453
1.4779406
0.0
0.0
0.0
0.0
0.0
0.0
0.0
0.0
0.0
0.0
0.0
0.0
0.0
0.0
0.0
0.0
0.0
0.0
0.0
0.0
0.8332389
1.9629357
2.8182902
3.4967682
1.2091926
0.0
0.0
0.0
0.0
0.0
0.0
0.0
0.0
0.0
0.0
0.0
0.0
0.0
0.0
0.0
0.0
0.0
0.0
0.0
0.0
0.0
1.6132878
3.4198005
2.936628
1.9955186
0.0
0.0
0.0
0.0
0.0
0.0
0.0
0.0
0.0
0.0
0.0
0.0
0.0
0.0
0.0
0.0
0.0
0.0
0.0
0.0
0.0
0.0
1.1469653
2.8711758
1.8942508
0.23525354
0.0
0.0
0.0
0.0
0.0
0.0
0.0
0.0
0.0
0.0
0.0
0.0
0.0
0.0
0.0
0.0
0.0
0.0
0.0
0.0
0.0
0.0
0.51785654
0.87830746
0.0
0.0
0.0
0.0
0.0
0.0
0.0
0.0
0.0
0.0
0.0
0.0
0.0
0.0
0.0
0.0
0.0
0.0
0.0
0.0
0.0
0.0
0.0
0.0
0.0
0.0
0.0
0.0
0.0
0.0
0.0
0.0
0.0
0.0
0.0
0.0
0.0
0.0
0.0
0.0
0.0
0.0
0.0
0.0
0.0
0.0
0.0
0.0
0.0
0.0
0.0
0.0
0.0
0.0
0.0
0.0
0.0
0.0
0.0
0.0
0.0
0.0
0.0
0.0
0.0
0.0
0.0
0.0
0.0
0.0
0.0
0.0
0.0
0.0
0.0
0.0
0.0
0.0
0.0
0.0
0.0
0.0
0.0
0.0
0.0
0.0
0.0
0.0
0.0
0.0
0.0
0.0
0.0
0.0
0.0
0.0
0.0
0.0
0.0
0.0
0.0
0.0
0.0
0.0
0.0
0.0
0.0
0.0
0.0
0.0
0.0
0.0
0.0
0.0
0.0
0.0
0.0
0.0
0.0
0.0
0.0
0.0
0.0
0.0
0.0
0.0
0.0
0.0
0.0
0.0
0.0
0.0
0.0
0.0
0.0
0.0
0.0
0.0
0.0
0.0
0.0
0.0
0.0
0.0
0.0
0.0
0.0
0.0
0.0
0.0
0.0
0.0
0.0
0.0
0.0
0.0
0.0
0.0
0.0
0.0
0.0
0.0
0.0
0.0
0.048280757
0.48795173
0.31778404
0.0
0.0
0.0
0.0
0.0
0.0
0.0
0.0
0.0
0.0
0.0
0.0
0.0
0.0
0.0
0.0
0.0
0.0
0.0
0.0
0.0
0.0
0.0
0.5817646
1.9577087
1.7744426
0.16249757
0.0
0.0
0.0
0.0
0.0
0.0
0.0
0.0
0.0
0.0
0.0
0.0
0.0
0.0
0.0
0.0
0.0
0.0
0.0
0.0
0.0
0.0
0.9721041
2.4979722
1.8192676
0.70943975
0.0
0.0
0.0
0.0
0.0
0.0
0.0
0.0
0.0
0.0
0.0
0.0
0.0
0.0
0.0
0.0
0.0
0.0
0.0
0.0
0.0
0.0
1.0949588
1.9705473
1.3121201
0.0
0.0
0.06620464
0.0
0.0
0.0
0.0
0.0
0.0
0.0
0.0
0.0
0.0
0.0
0.0
0.0
0.0
0.0
0.0
0.0
0.0
0.0
0.041116122
1.2500739
1.5512847
1.0406585
0.0
0.0
0.0
0.0
0.0
0.0
0.0
0.0
0.0
0.0
0.0
0.0
0.0
0.0
0.0
0.0
0.0
0.0
0.0
0.0
0.0
0.0
0.8646434
1.9426409
1.1326569
0.78367597
0.0
0.12774251
0.0
0.0
0.0
0.0
0.0
0.0
0.0
0.0
0.0
0.0
0.0
0.0
0.0
0.0
0.0
0.0
0.0
0.0
0.0
0.0
1.7628582
1.9172834
0.72496223
0.0
0.0
0.00031034314
0.0
0.0
0.0
0.0
0.0
0.0
0.0
0.0
0.0
0.0
0.0
0.0
0.0
0.0
0.0
0.0
0.0
0.0
0.0
0.18717547
2.1171215
1.6026062
0.48973632
0.0
0.0
0.0
0.0
0.0
0.0
0.0
0.0
0.0
0.0
0.0
0.0
0.0
0.0
0.0
0.0
0.0
0.0
0.0
0.0
0.0
0.0
0.88340205
1.9695865
1.2016553
0.5522003
0.0
0.0
0.0
0.0
0.0
0.0
0.0
0.0
0.0
0.0
0.0
0.0
0.0
0.0
0.0
0.0
0.0
0.0
0.0
0.0
0.0
0.22051929
1.0784807
1.1912531
1.1492627
0.47204632
0.0
0.0
0.0
0.0
0.0
0.0
0.0
0.0
0.0
0.0
0.0
0.0
0.0
0.0
0.0
0.0
0.0
0.0
0.0
0.0
0.0
1.233145
1.8496577
1.055434
0.99266297
0.63815135
0.007052873
0.026136573
0.0
0.0
0.0
0.0
0.0
0.0
0.0
0.0
0.0
0.0
0.0
0.0
0.0
0.0
0.0
0.0
0.0
0.0
0.27829322
1.6812383
1.1711086
1.0257179
0.5671079
0.14382285
0.03439341
0.0
0.0
0.0
0.0
0.0
0.0
0.0
0.0
0.0
0.0
0.0
0.0
0.0
0.0
0.0
0.0
0.0
0.0
0.0
0.42819726
1.1303701
0.92885566
1.0593204
0.21378496
0.05882625
0.0
0.0
0.0
0.0
0.0
0.0
0.0
0.0
0.0
0.0
0.0
0.0
0.0
0.0
0.0
0.0
0.0
0.0
0.0
0.0
0.82807493
0.4394051
0.7619184
0.5037771
0.03439341
0.0
0.0
0.0
0.0
0.0
0.0
0.0
0.0
0.0
0.0
0.0
0.0
0.0
0.0
0.0
0.0
0.0
0.0
0.34335688
0.41729227
0.78627187
1.1908747
0.7325387
0.116881646
0.0
0.0
0.0
0.0
0.0
0.0
0.0
0.0
0.0
0.0
0.0
0.0
0.0
0.0
0.0
0.0
0.0
0.0
0.0
0.60061073
1.101363
1.0138781
0.8608262
1.04344
0.05304208
0.0841529
0.0
0.0
0.0
0.0
0.0
0.0
0.0
0.0
0.0
0.0
0.0
0.0
0.0
0.0
0.0
0.0
0.0
0.0
0.03169918
0.9562053
0.8884116
0.68057024
0.46029902
0.1799251
0.0
0.0
0.0
0.0
0.0
0.0
0.0
0.0
0.0
0.0
0.0
0.0
0.0
0.0
0.0
0.0
0.0
0.0
0.0
0.29610223
0.3266644
0.9901584
0.25832227
0.0
0.0
0.0
0.0
0.0
0.0
0.0
0.0
0.0
0.0
0.0
0.0
0.0
0.0
0.0
0.0
0.0
0.0
0.0
0.0
0.0
0.2724376
1.7878437
1.3963845
1.0346172
0.5349273
0.034015086
0.0
0.0
0.0
0.0
0.0
0.0
0.0
0.0
0.0
0.0
0.0
0.0
0.0
0.0
0.0
0.0
0.0
0.0
0.0
0.0
0.5015184
2.4677556
1.9789724
1.2074387
0.25685242
0.0
0.0
0.0
0.0
0.0
0.0
0.0
0.0
0.0
0.0
0.0
0.0
0.0
0.0
0.0
0.0
0.0
0.0
0.0
0.0
0.0
0.11831624
0.9368167
0.14955525
0.18942031
0.0
0.0
0.0
0.0
0.0
0.0
0.0
0.0
0.0
0.0
0.0
0.0
0.0
0.0
0.0
0.0
0.0
0.0
0.0
0.0
0.0
0.0
0.0
0.0
0.0
0.0
0.0
0.0
0.0
0.0
0.0
0.0
0.0
0.0
0.0
0.0
0.0
0.0
0.0
0.0
0.0
0.0
0.0
0.0
0.0
0.0
0.0
0.0
0.0
0.0
0.0
0.0
0.0
0.0
0.0
0.0
0.0
0.0
0.0
0.0
0.0
0.0
0.0
0.0
0.0
0.0
0.0
0.0
0.0
0.0
0.0
0.0
0.0
0.0
0.0
0.0
0.0
0.0
0.0
0.0
0.0
0.0
0.0
0.0
0.0
0.0
0.0
0.0
0.0
0.0
0.0
0.0
0.0
0.0
0.0
0.0
0.0
0.0
0.0
0.0
0.0
0.0
0.0
0.0
0.0
0.0
0.0
0.0
0.0
0.0
0.0
0.0
0.0
0.0
0.0
0.0
0.0
0.0
0.0
0.0
0.0
0.0
0.0
0.0
0.0
0.0
0.0
0.0
0.0
0.0
0.0
0.0
0.0
0.0
0.0
0.0
0.0
0.0
0.0
0.0
0.537081
1.3809953
0.15221132
0.0
0.0
0.0
0.0
0.0
0.0
0.0
0.0
0.0
0.0
0.0
0.0
0.0
0.0
0.0
0.0
0.0
0.0
0.0
0.0
0.0
0.0
0.0
1.270469
3.762899
1.6588824
0.0
0.0
0.0
0.0
0.0
0.0
0.0
0.0
0.0
0.0
0.0
0.0
0.0
0.0
0.0
0.0
0.0
0.0
0.0
0.0
0.0
0.0
0.9096608
4.1972084
5.8249655
3.233546
0.0
0.0
0.0
0.0
0.0
0.0
0.0
0.0
0.0
0.0
0.0
0.0
0.0
0.0
0.0
0.0
0.0
0.0
0.0
0.0
0.0
0.0
2.0424106
6.1363654
6.102445
3.213399
0.0
0.0
0.0
0.0
0.0
0.0
0.0
0.0
0.0
0.0
0.0
0.0
0.0
0.0
0.0
0.0
0.0
0.0
0.0
0.0
0.0
0.0
2.7027497
7.525927
5.969725
1.6620352
0.0
0.0
0.0
0.0
0.0
0.0
0.0
0.0
0.0
0.0
0.0
0.0
0.0
0.0
0.0
0.0
0.0
0.0
0.0
0.0
0.0
0.0
4.3598566
7.080794
4.5885043
0.036538675
0.0
0.0
0.0
0.0
0.0
0.0
0.0
0.0
0.0
0.0
0.0
0.0
0.0
0.0
0.0
0.0
0.0
0.0
0.0
0.0
0.0
2.6417778
6.6673884
5.7103295
2.4743674
0.0
0.0
0.0
0.0
0.0
0.0
0.0
0.0
0.0
0.0
0.0
0.0
0.0
0.0
0.0
0.0
0.0
0.0
0.0
0.0
0.0
0.0
4.8376794
7.426872
4.5727015
0.56468874
0.0
0.0
0.0
0.0
0.0
0.0
0.0
0.0
0.0
0.0
0.0
0.0
0.0
0.0
0.0
0.0
0.0
0.0
0.0
0.0
0.0
0.83895016
5.375179
6.3532424
3.2241654
0.0
0.0
0.0
0.0
0.0
0.0
0.0
0.0
0.0
0.0
0.0
0.0
0.0
0.0
0.0
0.0
0.0
0.0
0.0
0.0
0.0
0.0
2.5520782
5.5981846
6.3499336
3.2241654
0.0
0.0
0.0
0.0
0.0
0.0
0.0
0.0
0.0
0.0
0.0
0.0
0.0
0.0
0.0
0.0
0.0
0.0
0.0
0.0
0.0
0.67279917
4.184443
6.200661
5.886967
2.6389518
0.0
0.0
0.0
0.0
0.0
0.0
0.0
0.0
0.0
0.0
0.0
0.0
0.0
0.0
0.0
0.0
0.0
0.0
0.0
0.0
0.0
3.3231204
6.231298
6.5036864
4.3235497
1.3201087
0.0
0.0
0.0
0.0
0.0
0.0
0.0
0.0
0.0
0.0
0.0
0.0
0.0
0.0
0.0
0.0
0.0
0.0
0.0
0.0
1.4911472
5.9879565
6.9816813
5.1101294
1.7958909
0.042407006
0.0
0.0
0.0
0.0
0.0
0.0
0.0
0.0
0.0
0.0
0.0
0.0
0.0
0.0
0.0
0.0
0.0
0.0
0.0
0.52083135
4.6868773
6.4687743
4.8003964
1.887722
0.0
0.0
0.0
0.0
0.0
0.0
0.0
0.0
0.0
0.0
0.0
0.0
0.0
0.0
0.0
0.0
0.0
0.0
0.0
0.0
0.4261638
4.9970326
6.440545
4.2925053
1.7958909
0.042407006
0.0
0.0
0.0
0.0
0.0
0.0
0.0
0.0
0.0
0.0
0.0
0.0
0.0
0.0
0.0
0.0
0.0
0.0
0.0
2.0213585
4.720763
6.0808415
4.415817
0.96212053
0.0
0.0
0.0
0.0
0.0
0.0
0.0
0.0
0.0
0.0
0.0
0.0
0.0
0.0
0.0
0.0
0.0
0.0
0.0
0.0
2.5796487
6.02589
6.105792
3.4398906
1.1791351
0.0
0.0
0.0
0.0
0.0
0.0
0.0
0.0
0.0
0.0
0.0
0.0
0.0
0.0
0.0
0.0
0.0
0.0
0.0
0.0
2.0820842
6.090679
5.48626
2.8991551
0.4944735
0.0
0.0
0.0
0.0
0.0
0.0
0.0
0.0
0.0
0.0
0.0
0.0
0.0
0.0
0.0
0.0
0.0
0.0
0.0
0.0
1.4849347
5.2182407
6.0672708
2.634385
0.27714023
0.0
0.0
0.0
0.0
0.0
0.0
0.0
0.0
0.0
0.0
0.0
0.0
0.0
0.0
0.0
0.0
0.0
0.0
0.0
0.0
1.0516336
5.1395645
5.0724998
3.231967
0.50227356
0.0
0.0
0.0
0.0
0.0
0.0
0.0
0.0
0.0
0.0
0.0
0.0
0.0
0.0
0.0
0.0
0.0
0.0
0.0
0.0
0.0
2.5584927
5.021132
2.8283844
1.0460081
0.0
0.0
0.0
0.0
0.0
0.0
0.0
0.0
0.0
0.0
0.0
0.0
0.0
0.0
0.0
0.0
0.0
0.0
0.0
0.0
0.0
0.97191834
1.732683
1.6661358
0.2656084
0.0
0.0
0.0
0.0
0.0
0.0
0.0
0.0
0.0
0.0
0.0
0.0
0.0
0.0
0.0
0.0
0.0
0.0
0.0
0.0
0.0
0.0
0.0
0.0
0.0
0.0
0.0
0.0
0.0
0.0
0.0
0.0
0.0
0.0
0.0
0.0
0.0
0.0
0.0
0.0
0.0
0.0
0.0
0.0
