1
16
13
13
0.28784597
0.28784597
0.28784597
0.28784597
0.28784597
0.28784597
0.28784597
0.28784597
0.28784597
0.28784597
0.28784597
0.28784597
0.28784597
0.28784597
0.28784597
0.28784597
0.15710534
0.0
0.22529724
0.28784597
0.28784597
0.28784597
0.28784597
0.28784597
0.28784597
0.28784597
0.28784597
0.28784597
0.28784597
1.0126446
1.1782405
0.0
0.28784597
0.28784597
0.28784597
0.28784597
0.28784597
0.28784597
0.28784597
0.28784597
0.28784597
0.28784597
1.4018003
1.2729367
0.83078474
0.0
0.28784597
0.28784597
0.28784597
0.28784597
0.28784597
0.28784597
0.28784597
0.28784597
0.28784597
0.28784597
0.327842
1.0322124
0.0
0.28784597
0.28784597
0.28784597
0.28784597
0.28784597
0.28784597
0.28784597
0.28784597
0.28784597
0.28784597
0.28784597
1.730741
1.5920671
0.10532423
0.0
0.28784597
0.28784597
0.28784597
0.28784597
0.28784597
0.28784597
0.28784597
0.28784597
0.28784597
1.0408958
1.9587526
2.2152896
0.14795035
0.14195196
0.28784597
0.28784597
0.28784597
0.28784597
0.28784597
0.28784597
0.28784597
0.28784597
0.28784597
0.28784597
0.68586975
0.38830566
0.022337366
0.28784597
0.28784597
0.28784597
0.28784597
0.28784597
0.28784597
0.28784597
0.28784597
0.28784597
0.28784597
0.33038014
0.18268168
0.021781225
0.28784597
0.28784597
0.28784597
0.28784597
0.28784597
0.28784597
0.28784597
0.28784597
0.28784597
0.28784597
0.0
0.0041148225
0.26812565
0.28784597
0.28784597
0.28784597
0.28784597
0.28784597
0.2805826
0.0
0.0
0.0
0.2569146
0.6235515
0.42770812
0.3139847
0.28784597
0.28784597
0.28784597
0.28784597
0.28784597
1.5770118
1.5748938
1.5832732
1.8569841
2.2648597
1.9026204
0.5082713
0.28784597
0.28784597
0.28784597
0.28784597
0.28784597
0.28784597
0.28784597
0.28784597
0.28784597
0.28784597
0.28784597
0.28784597
0.28784597
0.28784597
0.28784597
0.28784597
0.28784597
0.0
0.0
0.0
0.0
0.0
0.0
0.0
0.0
0.0
0.0
0.0
0.0
0.0
0.0
0.0
0.0
0.0
1.1388087
0.9165422
0.0
0.0
0.0
0.0
0.0
0.0
0.0
0.0
0.0
0.0
0.0
0.82671183
2.376899
0.2039237
0.0
0.0
0.0
0.0
0.0
0.0
0.0
0.0
0.0
0.0
0.10623482
2.4388793
2.284099
0.0
0.0
0.0
0.0
0.0
0.0
0.0
0.0
0.0
0.0
0.0
0.0
2.631248
0.34550595
0.0
0.0
0.0
0.0
0.0
0.0
0.0
0.0
0.0
0.0
0.0
1.364854
1.0881438
2.0538542
0.0
0.0
0.0
0.0
0.0
0.0
0.0
0.0
0.0
0.0
0.0
0.0
2.3345652
1.0438106
0.0
0.0
0.0
0.0
0.0
0.0
0.0
0.0
0.0
0.0
0.0
1.9435418
1.2601578
0.0
0.0
0.0
0.0
0.0
0.0
0.0
0.0
0.0
0.0
0.0
1.7260444
1.2587662
0.0
0.0
0.0
0.0
0.0
0.0
0.0
0.0
0.11034147
0.3465792
0.0
1.6095481
1.1566017
0.0
0.0
0.0
0.0
0.0
0.0
0.43358305
0.4790301
0.19429639
0.5014434
0.16452262
1.272734
0.50242597
0.0
0.0
0.0
0.0
0.0
0.0
0.32590586
0.2020255
0.04511246
0.0
0.5873222
0.40188104
0.0
0.0
0.0
0.0
0.0
0.0
0.0
0.0
0.0
0.0
0.0
0.0
0.0
0.0
0.0
0.0
0.0
0.0
0.0
0.0
0.0
0.0
0.0
0.0
0.0
0.0
0.0
0.0
0.0
0.0
0.0
0.0
0.0
0.84643966
0.6500215
0.1712684
0.0
0.0
0.0
0.0
0.0
0.0
0.0
0.0
0.0
0.0
0.0
0.0
0.029185483
0.09924697
0.0
0.0
0.0
0.0
0.0
0.0
0.0
0.0
0.0
0.0
0.0
0.022288533
0.036029752
0.0
0.0
0.0
0.0
0.0
0.0
0.0
0.0
0.0
0.0
0.0
0.0
0.20077965
0.71138597
0.021454493
0.0
0.0
0.0
0.0
0.0
0.0
0.0
0.0
0.0
0.0
0.0
0.62714
0.26036936
0.051212247
0.0
0.0
0.0
0.0
0.0
0.0
0.0
0.0
0.0
0.04959845
0.0
0.0
0.024720157
0.0
0.0
0.0
0.0
0.0
0.0
0.0
0.0
0.0
0.0
0.0
0.0
0.0
0.0
0.0
0.0
0.0
0.0
0.0
0.0
0.0
0.0
0.0
0.19375944
0.0
0.0
0.0
0.0
0.0
0.0
0.0
0.0
0.07645268
0.3319112
0.48320124
0.7400022
0.67901045
0.0
0.0
0.0
0.0
0.0
0.0
0.0
0.3813617
0.7692129
0.79025877
0.22840475
0.08384622
0.0
0.0
0.0
0.0
0.0
0.0
0.0
0.0
0.0
0.004201735
0.0
0.0
0.0
0.0
0.0
0.0
0.0
0.0
0.0
0.0
0.0
0.0
0.0
0.0
0.0
0.0
0.0
0.0
0.0
0.0
0.0
0.0
0.0
0.0
0.0
0.0
0.0
0.0
0.0
0.0
0.0
0.0
0.0
0.0
0.0
0.0
0.0
0.0
0.53562313
2.2570176
2.302233
0.014820947
0.0
0.0
0.0
0.0
0.0
0.0
0.0
0.0
0.0
0.0
0.0
2.0296342
1.2850903
0.0
0.0
0.0
0.0
0.0
0.0
0.0
0.0
0.0
0.0
0.0
0.0
1.5242748
0.0
0.0
0.0
0.0
0.0
0.0
0.0
0.0
0.0
0.0
0.0
0.0
2.043465
2.3121986
0.9444411
0.0
0.0
0.0
0.0
0.0
0.0
0.0
0.0
0.0
0.0
0.28114596
2.2645633
2.3448539
1.0217121
0.0
0.0
0.0
0.0
0.0
0.0
0.0
0.0
0.0
0.0
0.0
1.1645153
1.2503234
0.0
0.0
0.0
0.0
0.0
0.0
0.0
0.0
0.0
0.0
0.0
0.1626852
0.6397263
0.0
0.0
0.0
0.0
0.0
0.0
0.0
0.0
0.0
0.0
0.0
0.60416263
0.6397263
0.0
0.0
0.0
0.0
0.0
0.0
0.122702755
0.55542094
1.2386047
1.9417909
2.0855906
0.24206011
0.073247716
0.0
0.0
0.0
0.0
0.0
0.21928391
2.101369
2.6689968
1.8264832
1.6455251
1.2816573
0.0
0.0
0.0
0.0
0.0
0.0
0.0
0.0
0.0
0.0
0.0
0.0
0.0
0.0
0.0
0.0
0.0
0.0
0.0
0.0
0.0
0.0
0.0
0.0
0.0
0.0
0.0
0.0
0.0
0.0
0.0
0.2608745
0.2608745
0.2608745
0.2608745
0.2608745
0.2608745
0.2608745
0.2608745
0.2608745
0.2608745
0.2608745
0.2608745
0.2608745
0.2608745
0.2608745
0.2608745
0.52144754
1.6798239
1.9561334
0.37575373
0.2608745
0.2608745
0.2608745
0.2608745
0.2608745
0.2608745
0.2608745
0.2608745
0.2608745
0.2895408
0.96478707
2.4451213
2.6801772
0.2608745
0.2608745
0.2608745
0.2608745
0.2608745
0.2608745
0.2608745
0.2608745
0.2608745
0.24710594
0.13754232
0.0
2.4994957
0.31411535
0.2608745
0.2608745
0.2608745
0.2608745
0.2608745
0.2608745
0.2608745
0.2608745
0.2608745
0.27030435
0.27380395
2.686493
0.92271954
1.1270183
0.2608745
0.2608745
0.2608745
0.2608745
0.2608745
0.2608745
0.2608745
0.2608745
0.2608745
0.27510902
1.1742321
1.2926885
2.338745
1.4950048
0.2608745
0.2608745
0.2608745
0.2608745
0.2608745
0.2608745
0.2608745
0.2608745
0.2608745
0.2608745
0.14848842
0.81692207
2.5317893
0.2608745
0.2608745
0.2608745
0.2608745
0.2608745
0.2608745
0.2608745
0.2608745
0.2608745
0.2608745
0.2654596
0.0
2.1148276
0.2608745
0.2608745
0.2608745
0.2608745
0.2608745
0.2608745
0.2608745
0.2608745
0.2608745
0.2608745
0.2608745
0.0
2.1148276
0.2608745
0.2608745
0.2608745
0.2608745
0.2608745
0.2608745
0.2608745
0.27115446
0.44498986
0.35016167
0.8809387
0.59456915
1.8321313
0.2608745
0.2608745
0.2608745
0.2608745
0.2608745
0.2581339
1.5525264
1.5732082
1.2329905
1.203309
1.8242507
0.4556661
0.2608745
0.2608745
0.2608745
0.2608745
0.2608745
0.2608745
0.56466943
0.0
0.056011993
0.2608745
0.2608745
0.2608745
0.2608745
0.2608745
0.2608745
0.2608745
0.2608745
0.2608745
0.2608745
0.2608745
0.2608745
0.2608745
0.2608745
0.2608745
0.2608745
0.2608745
0.2608745
0.2608745
0.2608745
0.2608745
0.0
0.0
0.0
0.0
0.0
0.0
0.0
0.0
0.0
0.0
0.0
0.0
0.0
0.0
0.0
0.0
0.5751011
1.4988459
0.6470818
0.0
0.0
0.0
0.0
0.0
0.0
0.0
0.0
0.0
0.0
1.9587766
5.6413507
2.7378643
1.5602288
0.0
0.0
0.0
0.0
0.0
0.0
0.0
0.0
0.0
0.99639505
2.8618362
3.353185
2.0128548
0.0
0.0
0.0
0.0
0.0
0.0
0.0
0.0
0.0
0.0
0.0
2.8295362
2.7741141
0.3605197
0.08815519
0.0
0.0
0.0
0.0
0.0
0.0
0.0
0.0
0.0
2.574528
3.7596662
3.4277623
1.3601426
0.42162493
0.0
0.0
0.0
0.0
0.0
0.0
0.0
0.0
0.27484095
2.2718139
4.1076355
2.660197
2.509737
0.0
0.0
0.0
0.0
0.0
0.0
0.0
0.0
0.0
0.0
1.1011596
2.4802058
2.927854
0.0
0.0
0.0
0.0
0.0
0.0
0.0
0.0
0.0
0.0
1.1083407
2.3587081
2.9216802
0.0
0.0
0.0
0.0
0.0
0.0
0.0
0.0
0.0
0.07288887
1.4440589
3.9108937
2.8023572
0.0
0.0
0.0
0.0
0.0
0.31287426
1.2982521
1.9238596
2.2844644
3.2808833
4.0079503
3.7518659
0.57785517
0.0
0.0
0.0
0.0
0.0
0.9968981
3.9470484
3.7984529
2.483922
3.076346
2.8112447
0.45748398
0.0
0.0
0.0
0.0
0.0
0.0
0.0
0.0
0.0
0.0
0.0
0.0
0.0
0.0
0.0
0.0
0.0
0.0
0.0
0.0
0.0
0.0
0.0
0.0
0.0
0.0
0.0
0.0
0.0
0.0
0.0
0.0
0.0
0.0
0.0
0.0
0.0
0.0
0.0
0.0
0.0
0.0
0.0
0.0
0.0
0.0
0.9785591
4.281127
1.0635711
0.0
0.0
0.0
0.0
0.0
0.0
0.0
0.0
0.0
0.0
1.5109861
3.7029824
1.8159453
0.0
0.0
0.0
0.0
0.0
0.0
0.0
0.0
0.0
0.0
0.0
0.0
1.0286697
0.5878194
0.0
0.0
0.0
0.0
0.0
0.0
0.0
0.0
0.0
0.0
0.0
2.140655
4.5360694
3.599874
0.0
0.0
0.0
0.0
0.0
0.0
0.0
0.0
0.0
0.0
0.84477204
3.5101573
4.1272187
0.8309507
0.2532335
0.0
0.0
0.0
0.0
0.0
0.0
0.0
0.0
0.0
0.0
0.3624533
0.7262048
0.8188123
0.0
0.0
0.0
0.0
0.0
0.0
0.0
0.0
0.0
0.0
0.0
0.22603437
0.8117482
0.0
0.0
0.0
0.0
0.0
0.0
0.0
0.0
0.0
0.0
0.0
2.3676238
2.1964722
0.0
0.0
0.0
0.0
0.0
0.0
0.0
1.1202434
2.5217578
3.7345138
5.083262
3.9020836
1.2195991
0.0
0.0
0.0
0.0
0.0
1.7727479
4.8128867
5.187513
3.7670937
4.5407224
4.191116
1.1497368
0.0
0.0
0.0
0.0
0.0
0.0
0.0
0.0
0.0
0.0
0.0
0.0
0.0
0.0
0.0
0.0
0.0
0.0
0.0
0.0
0.0
0.0
0.0
0.0
0.0
0.0
0.0
0.0
0.0
0.0
0.0
0.0
0.0
1.6535478
4.7187805
1.920231
0.0
0.0
0.0
0.0
0.0
0.0
0.0
0.0
0.0
0.0
2.8831193
7.013009
6.1795487
0.5566424
0.0
0.0
0.0
0.0
0.0
0.0
0.0
0.0
0.0
0.608147
1.7832985
6.376897
3.9876344
0.0
0.0
0.0
0.0
0.0
0.0
0.0
0.0
0.0
0.0
0.0
6.642002
6.526465
1.1446899
0.0
0.0
0.0
0.0
0.0
0.0
0.0
0.0
0.0
0.0
3.839573
6.008617
6.1921997
4.965203
0.0
0.0
0.0
0.0
0.0
0.0
0.0
0.0
0.0
0.0
1.1388358
4.4484406
6.4226713
1.6005589
0.0
0.0
0.0
0.0
0.0
0.0
0.0
0.0
0.0
0.0
0.85152864
5.80998
1.9084406
0.0
0.0
0.0
0.0
0.0
0.0
0.0
0.0
0.0
0.0
1.0894034
5.945904
1.9015203
0.0
0.0
0.0
0.0
0.0
0.0
0.0
0.0
0.18530953
0.98931575
4.346332
6.5448895
1.5667334
0.0
0.0
0.0
0.0
0.0
0.8346375
4.34708
4.3944945
3.4495246
5.2771745
5.986005
5.244848
0.0
0.0
0.0
0.0
0.0
0.0
0.8447014
4.275527
3.3029408
1.1745039
1.8594763
1.5601925
0.0
0.0
0.0
0.0
0.0
0.0
0.0
0.0
0.0
0.0
0.0
0.0
0.0
0.0
0.0
0.0
0.0
0.0
0.20357212
0.20357212
0.20357212
0.20357212
0.20357212
0.20357212
0.20357212
0.20357212
0.20357212
0.20357212
0.20357212
0.20357212
0.20357212
0.20357212
0.20357212
0.20357212
0.9570503
1.5601382
1.5530914
0.3320951
0.20357212
0.20357212
0.20357212
0.20357212
0.20357212
0.20357212
0.20357212
0.20357212
0.20357212
0.21347982
1.056786
1.1334786
1.4186093
0.20357212
0.20357212
0.20357212
0.20357212
0.20357212
0.20357212
0.20357212
0.20357212
0.20357212
0.15582034
0.0
0.0
1.485996
0.2481753
0.20357212
0.20357212
0.20357212
0.20357212
0.20357212
0.20357212
0.20357212
0.20357212
0.20357212
0.20357212
0.064608514
1.4812982
1.5497651
1.1910005
0.20357212
0.20357212
0.20357212
0.20357212
0.20357212
0.20357212
0.20357212
0.20357212
0.20357212
0.0
1.1313972
1.4508766
1.5432786
1.3347372
0.20357212
0.20357212
0.20357212
0.20357212
0.20357212
0.20357212
0.20357212
0.20357212
0.20357212
0.20357212
0.018533994
0.5910393
1.386265
0.20357212
0.20357212
0.20357212
0.20357212
0.20357212
0.20357212
0.20357212
0.20357212
0.20357212
0.20357212
0.23962516
0.0
1.134188
0.20357212
0.20357212
0.20357212
0.20357212
0.20357212
0.20357212
0.20357212
0.20357212
0.20357212
0.20357212
0.43710154
0.0
1.134188
0.20357212
0.20357212
0.20357212
0.20357212
0.20357212
0.20357212
0.25948444
0.622216
0.9541921
1.120527
1.6950161
0.095290065
0.78995204
0.20357212
0.20357212
0.20357212
0.20357212
0.20357212
0.7751603
1.3514903
1.7804897
1.727063
1.5786396
1.3271613
0.0
0.20357212
0.20357212
0.20357212
0.20357212
0.20357212
0.20357212
0.2633947
0.0
0.14055726
0.20357212
0.20357212
0.20357212
0.20357212
0.20357212
0.20357212
0.20357212
0.20357212
0.20357212
0.20357212
0.20357212
0.20357212
0.20357212
0.20357212
0.20357212
0.20357212
0.20357212
0.20357212
0.20357212
0.20357212
0.20357212
0.0
0.0
0.0
0.0
0.0
0.0
0.0
0.0
0.0
0.0
0.0
0.0
0.0
0.0
0.0
0.0
1.1897109
3.5134413
0.78061026
0.0
0.0
0.0
0.0
0.0
0.0
0.0
0.0
0.0
0.0
2.1687179
5.2078075
3.3099048
0.0
0.0
0.0
0.0
0.0
0.0
0.0
0.0
0.0
0.0
0.6176598
0.63709533
4.380193
1.1720148
0.0
0.0
0.0
0.0
0.0
0.0
0.0
0.0
0.0
0.0
0.0
4.972471
2.733472
0.70162404
0.0
0.0
0.0
0.0
0.0
0.0
0.0
0.0
0.0
0.0
2.8758254
3.4830816
2.5793972
1.5250111
0.0
0.0
0.0
0.0
0.0
0.0
0.0
0.0
0.0
0.0
0.11404879
2.3986719
4.3471155
0.0
0.0
0.0
0.0
0.0
0.0
0.0
0.0
0.0
0.0
0.0
0.52096695
4.0169563
0.0
0.0
0.0
0.0
0.0
0.0
0.0
0.0
0.0
0.0
0.0
0.47107592
4.437113
0.0
0.0
0.0
0.0
0.0
0.0
0.0
0.0
0.0
0.0
0.60399735
3.9957995
5.313269
0.0
0.0
0.0
0.0
0.0
0.0
0.28021696
3.3248103
2.4108698
1.969779
3.1721315
4.174206
2.0008729
0.0
0.0
0.0
0.0
0.0
0.0
1.2450114
2.4533587
0.58178574
0.0
0.3763863
0.05879689
0.0
0.0
0.0
0.0
0.0
0.0
0.0
0.0
0.0
0.0
0.0
0.0
0.0
0.0
0.0
0.0
0.0
0.0
0.0
0.0
0.0
0.0
0.0
0.0
0.0
0.0
0.0
0.0
0.0
0.0
0.0
0.0
0.0
0.0
1.7249452
0.6715185
0.0
0.0
0.0
0.0
0.0
0.0
0.0
0.0
0.0
0.0
0.0
2.2708306
5.3864303
4.9823613
0.0
0.0
0.0
0.0
0.0
0.0
0.0
0.0
0.0
0.0
0.8659887
2.7484555
4.5911994
0.0
0.0
0.0
0.0
0.0
0.0
0.0
0.0
0.0
0.0
0.0
0.0
3.955903
2.3952005
0.0
0.0
0.0
0.0
0.0
0.0
0.0
0.0
0.0
0.0
0.0
3.6085382
5.5166345
5.581208
0.9805212
0.0
0.0
0.0
0.0
0.0
0.0
0.0
0.0
0.0
0.0
1.6775889
5.2022142
4.493419
0.0
0.0
0.0
0.0
0.0
0.0
0.0
0.0
0.0
0.0
0.0
0.8804023
3.2443604
0.38200063
0.0
0.0
0.0
0.0
0.0
0.0
0.0
0.0
0.0
0.0
1.0218265
2.725658
0.37499338
0.0
0.0
0.0
0.0
0.0
0.0
0.0
0.0
0.0
0.0
1.1866342
2.3932369
1.4296565
0.0
0.0
0.0
0.0
0.0
0.46065232
1.1441445
2.6498904
3.727921
5.220632
5.0411634
3.0263166
0.62635607
0.0
0.0
0.0
0.0
0.0
1.7613989
3.8671014
3.5960689
2.2784653
2.617085
2.67877
0.6421345
0.0
0.0
0.0
0.0
0.0
0.0
0.0
0.0
0.0
0.0
0.0
0.0
0.0
0.0
0.0
0.0
0.0
0.130807
0.130807
0.130807
0.130807
0.130807
0.130807
0.130807
0.130807
0.130807
0.130807
0.130807
0.130807
0.130807
0.130807
0.130807
0.130807
0.068120144
0.0
0.5437126
0.17111592
0.130807
0.130807
0.130807
0.130807
0.130807
0.130807
0.130807
0.130807
0.130807
0.15458377
1.0937424
0.29313675
0.6735039
0.130807
0.130807
0.130807
0.130807
0.130807
0.130807
0.130807
0.130807
0.130807
0.3118948
1.0652251
0.0
0.8761181
0.14727838
0.130807
0.130807
0.130807
0.130807
0.130807
0.130807
0.130807
0.130807
0.130807
0.15096469
0.059736617
1.2982066
0.17706075
0.35163304
0.130807
0.130807
0.130807
0.130807
0.130807
0.130807
0.130807
0.130807
0.130807
0.3721278
1.529246
1.2531048
0.46930137
0.46977657
0.130807
0.130807
0.130807
0.130807
0.130807
0.130807
0.130807
0.130807
0.130807
0.3207099
0.40129277
0.4105669
1.2669646
0.130807
0.130807
0.130807
0.130807
0.130807
0.130807
0.130807
0.130807
0.130807
0.130807
0.130807
0.0
1.3757738
0.130807
0.130807
0.130807
0.130807
0.130807
0.130807
0.130807
0.130807
0.130807
0.130807
0.130807
0.0
1.3757738
0.130807
0.130807
0.130807
0.130807
0.130807
0.130807
0.130807
0.130807
0.130807
0.130807
0.0
1.1079371
1.4027507
0.130807
0.130807
0.130807
0.130807
0.130807
0.1214029
0.7411073
1.1993861
1.1904062
1.3301333
1.2824565
0.9738027
0.7199883
0.130807
0.130807
0.130807
0.130807
0.130807
0.82246
0.6754451
0.68553954
0.61207634
0.3870274
0.650393
0.5750596
0.130807
0.130807
0.130807
0.130807
0.130807
0.130807
0.130807
0.130807
0.130807
0.130807
0.130807
0.130807
0.130807
0.130807
0.130807
0.130807
0.130807
0.0
0.0
0.0
0.0
0.0
0.0
0.0
0.0
0.0
0.0
0.0
0.0
0.0
0.0
0.0
0.0
0.0
0.0
0.0
0.0
0.0
0.0
0.0
0.0
0.0
0.0
0.0
0.0
0.0
1.5112439
3.0302844
1.1059228
0.0
0.0
0.0
0.0
0.0
0.0
0.0
0.0
0.0
0.0
1.3728632
2.9002001
1.001441
0.7419977
0.0
0.0
0.0
0.0
0.0
0.0
0.0
0.0
0.0
0.0
0.0
1.2431666
0.993262
0.0
0.0
0.0
0.0
0.0
0.0
0.0
0.0
0.0
0.0
0.0
1.5119886
3.7021668
3.581866
0.6071029
0.0
0.0
0.0
0.0
0.0
0.0
0.0
0.0
0.0
0.62959325
1.4924309
1.930869
0.91217947
0.9054096
0.0
0.0
0.0
0.0
0.0
0.0
0.0
0.0
0.0
0.0
0.7025312
0.68070024
1.0588855
0.0
0.0
0.0
0.0
0.0
0.0
0.0
0.0
0.0
0.0
0.28822783
0.6139801
1.0588855
0.0
0.0
0.0
0.0
0.0
0.0
0.0
0.0
0.0
0.0
0.0
1.4974852
1.4954097
0.0
0.0
0.0
0.0
0.0
0.0
0.7260207
2.8780024
2.9463406
3.8578641
4.297086
2.215162
0.7571542
0.0
0.0
0.0
0.0
0.0
1.4865001
3.153315
2.6817534
1.4707096
1.6229417
1.3134528
0.39624032
0.0
0.0
0.0
0.0
0.0
0.0
0.0
0.0
0.0
0.0
0.0
0.0
0.0
0.0
0.0
0.0
0.0
0.0
0.0
0.0
0.0
0.0
0.0
0.0
0.0
0.0
0.0
0.0
0.0
0.0
0.0
0.0
0.0
1.0461673
2.9304965
0.4260086
0.0
0.0
0.0
0.0
0.0
0.0
0.0
0.0
0.0
0.0
1.9517752
4.0408635
3.390523
0.0
0.0
0.0
0.0
0.0
0.0
0.0
0.0
0.0
0.0
0.42866957
1.2943519
4.1663713
0.83368987
0.0
0.0
0.0
0.0
0.0
0.0
0.0
0.0
0.0
0.0
0.0
4.693195
3.650362
0.140829
0.0
0.0
0.0
0.0
0.0
0.0
0.0
0.0
0.0
0.0
2.6136749
3.550896
3.538799
2.775863
0.0
0.0
0.0
0.0
0.0
0.0
0.0
0.0
0.0
0.0
0.7320969
2.2488468
4.0856667
0.0
0.0
0.0
0.0
0.0
0.0
0.0
0.0
0.0
0.0
0.0
0.6405174
3.8529377
0.0
0.0
0.0
0.0
0.0
0.0
0.0
0.0
0.0
0.0
0.0
0.85374695
3.9436913
0.0
0.0
0.0
0.0
0.0
0.0
0.0
0.0
0.0
0.063889
0.49426806
2.061367
3.8446567
0.0
0.0
0.0
0.0
0.0
0.0
0.7481134
1.6668874
1.9720212
2.0221558
2.895166
2.9090624
2.7120168
0.0
0.0
0.0
0.0
0.0
0.0
0.36636
2.7255595
1.7197657
0.36356884
0.8796867
0.53967756
0.0
0.0
0.0
0.0
0.0
0.0
0.0
0.0
0.0
0.0
0.0
0.0
0.0
0.0
0.0
0.0
0.0
0.0
0.0
0.0
0.0
0.0
0.0
0.0
0.0
0.0
0.0
0.0
0.0
0.0
0.0
0.0
0.0
0.0
1.4676068
0.5467113
0.0
0.0
0.0
0.0
0.0
0.0
0.0
0.0
0.0
0.0
0.0
2.6177876
2.392408
1.6956248
0.0
0.0
0.0
0.0
0.0
0.0
0.0
0.0
0.0
0.0
1.4344151
1.9446546
2.741215
0.0
0.0
0.0
0.0
0.0
0.0
0.0
0.0
0.0
0.0
0.0
0.0
2.6066504
0.0
0.0
0.0
0.0
0.0
0.0
0.0
0.0
0.0
0.0
0.0
0.0
2.7465034
2.5905492
2.836315
0.0
0.0
0.0
0.0
0.0
0.0
0.0
0.0
0.0
0.0
0.5287247
1.0226898
2.8306339
2.3592687
0.0
0.0
0.0
0.0
0.0
0.0
0.0
0.0
0.0
0.0
0.0
1.6002109
2.4282172
0.0
0.0
0.0
0.0
0.0
0.0
0.0
0.0
0.0
0.0
0.0
1.5249455
2.3594344
0.0
0.0
0.0
0.0
0.0
0.0
0.0
0.0
0.0
0.0
0.0
1.6369174
1.6371896
0.0
0.0
0.0
0.0
0.0
0.0
0.6157273
0.50185084
1.516926
2.0583327
2.7158625
2.6385229
0.564331
0.01858836
0.0
0.0
0.0
0.0
0.0
1.8042269
2.1372554
1.430017
0.9391495
1.0701165
0.73185384
0.0
0.0
0.0
0.0
0.0
0.0
0.0
0.0
0.0
0.0
0.0
0.0
0.0
0.0
0.0
0.0
0.0
0.0
0.0
0.0
0.0
0.0
0.0
0.0
0.0
0.0
0.0
0.0
0.0
0.0
0.0
0.0
0.0
0.0
0.0
2.2740471
3.2778494
0.0
0.0
0.0
0.0
0.0
0.0
0.0
0.0
0.0
0.0
0.0
3.8159018
4.639994
3.1029994
0.0
0.0
0.0
0.0
0.0
0.0
0.0
0.0
0.0
0.15322198
2.4154694
2.9104471
5.7632174
0.0
0.0
0.0
0.0
0.0
0.0
0.0
0.0
0.0
0.0
0.0
0.0
5.9347744
1.1101254
0.6688565
0.0
0.0
0.0
0.0
0.0
0.0
0.0
0.0
0.0
0.32110655
3.143801
2.3018825
3.7522204
1.0980432
0.0
0.0
0.0
0.0
0.0
0.0
0.0
0.0
0.19752406
2.3121758
2.476932
4.939788
4.659353
0.0
0.0
0.0
0.0
0.0
0.0
0.0
0.0
0.0
0.0
0.0
4.5556793
5.144172
0.0
0.0
0.0
0.0
0.0
0.0
0.0
0.0
0.0
0.0
0.0
4.831337
5.138688
0.0
0.0
0.0
0.0
0.0
0.0
0.0
0.0
0.0
0.0
0.0
6.0443344
4.6024446
0.0
0.0
0.0
0.0
0.0
0.0
1.0499872
2.3173013
2.2720332
2.8072898
4.872894
5.26942
1.1056589
0.0
0.0
0.0
0.0
0.0
0.81646544
4.3152876
4.352474
2.7983139
3.1594434
3.0153067
0.78760815
0.0
0.0
0.0
0.0
0.0
0.0
0.0
0.0
0.0
0.0
0.0
0.0
0.0
0.0
0.0
0.0
0.0
