1
32
11
11
0.0
0.55800736
1.6429
2.866299
3.2182496
3.394369
3.4504116
2.5527973
0.93102324
0.0
0.0
0.0
0.8556871
2.434061
4.090175
2.8794427
2.2005908
2.8746774
2.510946
1.5462931
0.0
0.0
0.0
1.147238
1.4115434
0.0
0.0
0.0
0.0
0.5621936
0.5250224
0.0
0.0
0.0
0.0
0.0
0.0
0.0
0.0
1.6639166
0.61905986
0.0
0.0
0.0
0.0
0.0
0.42403883
2.229872
4.823798
5.3440585
3.3060374
0.0
0.0
0.0
0.0
0.0
0.09679448
1.0868433
2.6024754
2.6504993
1.8892329
0.26592875
0.0
0.0
0.0
0.0
0.0
0.27301136
0.6620529
0.0
0.0
0.0
0.0
0.3454784
1.0196284
0.0
0.0
0.1406628
0.560848
0.0
0.0
0.0
0.0
0.2248257
0.53676975
0.23005663
0.0
0.0
0.0
0.93438745
2.8996198
3.5074759
2.5305634
1.7476804
1.9014707
0.8957829
0.0
0.0
0.0
0.6047103
1.5091465
1.3941284
0.57922727
2.074945
3.6381726
2.3675895
0.0
0.0
0.0
0.0
0.0
0.0
0.0
0.0
0.0
0.0
0.0
0.0
0.0
0.0
0.0
0.16278827
0.0
0.0
0.0
0.0
0.0
0.0
0.0
0.5590395
0.33046645
0.16532597
0.16604076
0.0
0.0
0.0
0.0
0.0
0.0
0.0
1.301868
0.6036027
0.16532597
0.17132339
0.0
0.0
0.0
0.0
0.0
0.0
0.0
5.1834574
1.7441365
0.16532597
0.15811272
0.0
0.0
0.75057685
1.3937491
0.0
0.0
0.0
6.678571
2.6997416
0.16532597
0.16560361
0.0
0.0
0.0
0.0
0.0
0.0
2.7452059
6.8807216
1.9475969
0.16532597
0.16532597
0.0
0.0
0.0
0.0
0.0
0.0
4.1986504
4.3995347
0.6820656
0.16532597
0.16532597
0.0
0.0
0.0
0.0
0.0
0.0
1.613449
2.6299062
0.37315446
0.16532597
0.020357328
0.0
0.0
0.0
0.0
0.0
0.0
0.0
5.907348
1.3409795
0.16532597
0.0
0.0
0.0
0.0
0.0
0.0
0.0
0.0
6.5795264
2.0154161
0.16532597
0.0
0.0
0.0
0.0
0.0
0.0
0.0
1.9174644
6.63649
1.8746579
0.16532597
0.0
0.0
0.0
0.0
0.0
0.0
0.406897
5.437635
4.444815
0.73082656
0.16532597
0.068412796
0.0
0.17668213
0.0
0.0
0.0
0.0
0.0
0.0
0.0
0.063450806
0.06954756
0.0
0.0
0.0
0.0
0.0
0.0
0.0
0.0
0.08281581
0.063450806
0.06114503
0.0
0.0
0.0
0.0
0.0
0.0
0.0
0.0
0.879955
0.063450806
0.05308503
0.0
0.0
0.0
0.645657
0.0
0.0
0.0
0.0
1.8750936
0.063450806
0.06399998
0.0
0.0
0.0
0.0
0.0
0.0
0.0
1.2690876
1.8537836
0.063450806
0.063450806
0.0
0.0
0.0
0.0
0.0
0.0
0.117466554
1.6809844
0.6542828
0.063450806
0.063450806
0.0
0.0
0.0
0.0
0.0
0.0
0.0
0.24269414
0.09946037
0.063450806
0.10919689
0.0
0.0
0.0
0.0
0.0
0.0
0.0
0.0
0.8527411
0.063450806
0.0
0.0
0.0
0.0
0.0
0.0
0.0
0.0
0.0
1.4588132
0.063450806
0.0
0.0
0.0
0.0
0.0
0.0
0.0
0.0
0.72158134
1.806186
0.063450806
0.0
0.0
0.0
0.0
0.0
0.0
0.0
0.7700172
2.2222672
0.9199388
0.063450806
0.0
0.37645036
1.7219994
3.8269165
5.477701
6.5442295
6.278378
4.4879875
1.901477
0.16913275
0.0
0.0
1.5299629
5.5953336
10.013702
10.285483
9.617295
10.069456
8.606463
4.700366
1.0029998
0.0
0.0
0.47984058
0.0
0.0
0.0
0.0
0.0
1.8158237
3.6492321
1.9166656
0.0
0.0
0.0
0.0
0.0
0.0
0.0
1.5988795
2.0129254
1.9785177
1.1220696
0.0
0.0
0.0
1.3351578
5.396657
8.401289
8.410366
3.6100774
0.0
0.0
0.0
0.0
0.0
0.65771306
3.3166327
7.052552
8.555957
5.865487
4.090128
3.7075317
1.8855014
0.13712952
0.0
0.0
0.040744133
0.0
0.0
0.0
0.0
3.9061842
7.389707
4.636497
0.8158394
0.0
0.0
0.0
0.0
0.0
0.0
0.0
0.0
0.6424283
2.6071894
1.2415795
0.0
0.6688068
3.5196912
7.5947065
8.735741
5.0666018
2.5108628
2.524039
2.7189775
2.9188738
1.3325925
0.0
0.7125397
2.4475772
4.7385697
7.842763
10.55979
9.972047
5.608788
1.408311
0.6264407
0.0
0.0
0.0
0.0
0.0
0.0
0.0
0.0
0.0
0.0
0.0
0.0
0.0
0.14463322
0.0
0.0
0.0
0.0
0.0
0.0
0.0
0.0
0.25010613
0.13978069
0.17258586
0.889506
0.0
0.0
0.0
0.0
0.0
0.0
0.0
0.0
0.13978069
0.17967546
3.2540147
2.482417
0.0
0.0
0.7180386
0.0
0.0
0.0
0.0
0.13978069
0.15738367
2.0184348
2.9484472
0.58187103
0.0
1.082365
0.91538984
0.0
0.0
0.0
0.13978069
0.1398333
0.2455095
0.0
0.0
0.0
0.0
0.0
0.0
0.0
0.0
0.13978069
0.13978069
1.091393
1.439886
0.0
0.0
0.0
0.0
0.0
0.0
0.0
0.13978069
0.13978069
1.3580784
3.7534726
2.8939414
1.2207831
0.0
0.0
0.0
0.0
0.07224056
0.13978069
0.04845326
0.103168435
0.6305307
1.6103146
2.3560884
3.7016957
0.14330907
0.0
0.0
0.0
0.13978069
0.44140962
0.0
0.0
0.0
0.0
1.4820923
1.312006
0.0
0.0
0.0
0.13978069
1.7876284
2.7087057
0.0
0.0
0.0
0.0
0.0
0.0
0.0
0.0
0.13978069
1.2570187
3.507181
3.8813217
0.69466704
0.0
0.0
0.0
0.0
0.0
0.0
0.13978069
0.0
0.0
0.0
0.0
0.0
0.0
0.0
0.0
0.0
0.0
0.00933844
0.06288441
1.6082336
0.9388953
0.0
0.0
1.1969982
0.0
0.0
0.0
0.0
0.00933844
0.0
1.5760792
4.059356
3.2491515
4.47648
5.9888654
5.991381
1.0883725
0.0
0.0
0.00933844
0.0
0.03400523
2.1231177
3.2406223
2.1598778
2.1298006
2.7722175
1.8124413
0.343809
0.6040315
0.00933844
0.008625714
0.23546381
0.099700496
0.0
0.0
0.0
0.0
0.4870235
2.42872
1.1801599
0.00933844
0.00933844
0.9156276
3.2130597
2.267918
1.190967
1.1113058
0.0
0.0
0.0
0.51612264
0.00933844
0.00933844
0.06573063
2.0777917
4.5260067
7.155708
9.00026
5.5453744
0.0
0.0
0.0
0.00933844
0.0
0.0
0.0
0.745595
3.4194176
5.9169364
7.155499
1.6765336
0.0
0.0
0.00933844
1.0497136
1.2911823
0.0
0.0
0.0
0.0
1.3985124
1.1903459
0.0
0.19780718
0.00933844
0.76887506
3.4902737
4.6424737
2.1160443
0.0
0.0
0.0
0.7699609
1.7704546
0.99950504
0.00933844
0.0
1.5418661
5.630142
8.128702
5.9771285
4.2436175
3.6672745
4.0026984
2.3900716
0.7474224
0.00933844
0.0
1.0257862
1.0658624
0.26566952
0.0
0.0
0.0
0.0
0.0
0.0
0.0
0.0
1.6042495
2.5021865
0.0
0.0
0.0
0.045285564
0.0
0.0
0.0
0.0
0.0
0.0
1.6930186
0.0
0.0
0.0
0.7510697
0.0
0.0
0.0
0.0
0.0
0.0
0.5825871
0.0
0.0
0.0
0.0
0.0
0.0
0.0
0.0
0.0
0.8506154
2.1127832
0.30742052
0.0
0.0
0.0
0.0
0.0
0.0
0.0
0.0
0.0
1.6032174
1.084904
0.0
0.82455915
0.0
0.0
0.0
0.0
0.0
0.0
0.0
0.0
0.093171164
0.0
0.88325703
1.675498
0.0
0.0
0.0
0.0
0.026820924
0.5196231
0.0
0.0
0.0
0.0
1.5181166
0.0
0.0
0.0
0.0
0.6795826
1.7619518
1.0341661
0.0
0.0
0.0
0.36430463
0.0
0.0
0.0
0.0
0.0
0.48273
1.0273618
0.0
0.0
0.0
0.0
0.0
0.0
0.0
0.0
0.0
0.0
0.0
0.0
0.0
0.0
0.0
0.0
0.0
0.0
0.0
0.088167295
0.0
0.0
0.0
0.0
0.0
0.0
0.0
0.0
0.0
0.104925215
0.08692969
0.0
0.0
0.0
0.0
0.0
0.0
0.0
0.0
0.0
0.104925215
0.11285821
0.45998505
3.0081027
7.993456
8.52363
5.932385
2.469413
0.0
0.0
0.0
0.104925215
0.09127212
1.7401316
3.8840523
3.6535916
0.7336833
0.0
0.0
0.0
1.3073084
1.0278903
0.104925215
0.10390699
0.0
0.0
0.0
0.0
0.0
0.0
3.4379907
3.2595527
0.15512116
0.104925215
0.104925215
0.0
0.0
0.0
0.7373055
2.0280724
1.4360316
0.0
0.0
0.0
0.104925215
0.104925215
0.4968331
3.199703
6.268053
7.9316845
6.0171556
2.330231
0.0
0.0
0.0
0.104925215
0.0
0.0
0.16900498
0.35889202
1.3207414
2.0002182
1.1027635
0.0
0.0
0.0
0.104925215
0.0
0.0
0.0
0.0
0.0
0.0
0.0
0.0
0.15050818
0.17590584
0.104925215
0.0
0.0
1.2160116
0.15132175
0.0
0.0
1.6679045
5.2160316
3.8262966
0.39396128
0.104925215
0.902071
3.080458
4.394154
4.784488
6.5609913
9.129523
9.4788065
5.5895576
1.0188525
0.0
0.104925215
0.10016524
0.024516616
0.0
0.0
0.0
0.0
0.0
0.0
1.3284327
0.8077564
0.10462742
0.15660721
1.7307023
0.0
0.0
0.0
0.0
0.0
0.0
0.28548983
1.6814461
0.10462742
0.14454901
2.8149188
0.0
0.0
0.0
0.70531267
0.0
0.0
1.0385773
1.9427098
0.10462742
0.10880699
0.9764193
0.0
0.0
0.32059753
1.338158
0.135023
0.0
1.3744947
2.0890834
0.10462742
0.104517095
0.13987444
0.0
0.0
0.22807153
0.3986974
0.0
0.0
2.3418097
2.0338578
0.10462742
0.10462742
0.9476814
2.144846
0.0
0.0
0.0
0.0
0.0
3.8041666
1.6135863
0.10462742
0.10462742
0.5885374
1.1136808
0.0
0.7237907
0.17941582
0.0
0.0
1.7263017
1.4178157
0.10462742
0.07517146
0.0
0.0
0.0
1.651319
1.275433
0.0
0.0
2.254781
1.9769518
0.10462742
0.9464602
0.28550437
0.0
0.0
0.0
0.5642383
0.0
0.0
1.8347489
2.0205636
0.10462742
1.3592329
1.630945
0.0
0.0
0.0
0.0
0.0
0.0
1.6001549
1.7053053
0.10462742
0.6400399
0.0
0.0
0.56746614
0.7175891
0.0
0.0
0.0
2.4375734
1.1895738
0.10462742
0.0
0.0
0.0
0.0
0.0
0.0
0.0
0.0
0.0
0.0
0.0
0.0
0.16889614
0.7225718
2.623006
4.263642
5.318771
4.6028595
2.1631856
0.0
0.0
0.0
0.0
1.318615
3.4595828
5.8683877
5.1838655
2.7697403
1.5135669
0.0
0.44049037
0.5456913
0.0
0.0
1.3867208
1.394348
0.0
0.0
0.0
0.0
0.0
0.6890728
0.26950768
0.0
0.0
0.027580103
0.0
0.0
0.0
0.0
2.6247308
2.7612605
0.0
0.0
0.0
0.0
0.07353919
1.0655638
4.0122366
7.8174553
7.9941993
4.6584826
0.0
0.0
0.0
0.0
0.0
0.162798
1.9446336
3.07133
3.3953602
3.6058452
2.4057086
0.0
0.0
0.0
0.0
0.0
0.0
0.0
0.0
0.0
0.0
0.0
0.0
0.0
0.17305183
0.0
0.0
0.05506103
0.20012408
0.0
0.0
0.0
0.0
0.0
0.006161182
0.27655467
0.0
0.23988228
1.8118056
3.983452
4.5758066
3.869472
4.7759767
6.544037
5.24627
1.0299907
0.0
0.0
0.6325512
1.8786066
1.305803
0.76609576
3.8147273
6.390427
5.928421
1.1387179
0.0
0.0
0.0
0.0
0.0
0.0
0.0
0.0
0.0
0.0
0.0
0.0
0.0
0.0
0.0
1.1812111
1.8013458
2.704083
4.212241
4.8379703
3.113593
0.5351267
0.0
0.0
0.0
0.0
1.1787398
3.252818
3.728866
4.243013
4.143147
4.1418715
2.8051825
0.9313584
0.47316283
0.0
0.0
0.0
0.0
0.0
0.0
0.0
0.0
1.1170883
2.1809733
1.5470299
0.0
0.0
0.0
0.0
0.0
0.0
0.0
0.0
0.54082507
2.3597941
1.1307336
0.0
0.0
0.7914015
2.998422
4.2124157
4.308155
2.0940204
0.0
0.0
0.0
0.0
0.0
0.0
0.0
0.24364583
1.8762321
4.183363
4.585638
3.794404
1.7039189
0.23988171
0.0
0.0
0.041737847
0.0
0.0
0.0
0.0
0.0
1.7186706
2.047214
1.0319899
0.52227974
0.0
0.53780115
1.3142635
0.5969221
0.0
0.0
0.0
0.0
0.4283721
1.3272244
1.1879559
0.0
1.1489246
3.7453094
5.9633446
5.6491385
3.9868786
2.3020346
1.7725428
2.256784
2.8430235
1.3478116
0.0
0.0
0.0
1.2032545
5.393108
5.9320765
4.410753
1.6701499
1.5098321
0.94053656
0.18881164
0.0
0.0
0.0
0.0
0.0
0.0
0.0
0.0
0.0
0.0
0.0
0.0
0.0
0.0
0.0
0.0
0.0
0.0
0.0
0.0
0.0
0.09238769
0.0
0.0
0.0
0.0
1.9769007
6.9134235
4.493372
0.0
0.0
1.5517133
2.2688882
0.0
0.0
0.7187214
3.601801
6.5929494
5.7035327
0.48414174
0.0
0.0
5.0881667
3.7421544
0.0
0.0
0.0
0.0
0.0
0.0
0.0
0.0
5.0256085
7.8881073
2.6235287
0.0
0.0
0.0
0.0
0.0
0.0
0.0
1.1794564
6.200865
3.1766596
0.5797468
0.0
0.0
0.0
0.0
3.0483544
5.7406797
2.9391897
0.69663197
0.17513947
1.5097656
0.36709666
0.0
0.0
0.0
0.55629694
3.654389
4.837199
3.3588371
0.0
0.0
2.5434911
2.0180674
0.0
0.0
0.0
0.0
0.0
0.0
0.0
0.0
0.0
4.229034
3.1780584
0.0
0.0
0.0
0.0
0.0
0.0
0.0
0.0
4.5132184
7.7471013
2.8198433
0.0
0.46478906
2.2986908
3.8639636
3.1478226
2.0450943
4.310588
8.556035
10.055181
4.8421087
0.8629637
0.0
0.0016455516
1.7253158
3.7682753
5.91754
7.2343173
7.5988092
6.546513
3.5520306
1.2786776
0.045814663
0.0
0.061220653
3.3041956
6.5327697
6.878493
5.9736805
5.4215665
5.5586247
3.4485724
0.352833
0.0
0.0
0.0
0.0
0.0
0.0
0.0
0.0
0.0
0.0
0.0
0.0
0.0
0.0
0.0
0.0
0.0
0.0
0.0
0.0
0.0
0.0
0.0
0.0
0.0
0.02147642
2.4953284
4.5830107
6.7394795
4.8597293
0.0
0.0
0.0
0.0
0.0
0.0
0.7496776
3.101391
4.267767
2.5774412
0.0
0.0
0.0
0.0
0.0
0.0
0.0
0.0
0.0
0.0
0.0
0.0
0.0
0.0
0.0
0.0
0.0
0.42642787
0.55111206
0.0
0.0
0.0
0.0
0.0
0.0
0.0
0.0
0.0
1.8992776
5.607536
8.344235
7.239651
4.2729936
1.182046
0.0
0.0
0.0
0.0
0.0
0.0
0.024811506
1.8843684
2.836201
4.684744
4.341045
0.0
0.0
0.0
0.0
0.0
0.0
0.0
0.0
0.0
0.0
0.0
0.0
0.0
0.0
0.0
0.0
0.20246261
0.0
0.33062008
1.8908491
2.3718176
2.8941429
3.573626
4.3254857
2.509615
0.5923289
0.20737498
0.20001726
0.0
0.0
1.7760475
1.7973236
0.752151
1.5291278
5.8248596
6.2720013
1.7655965
0.20737498
0.23487237
0.0
0.0
0.0
0.0
0.0
0.0
1.0758843
6.7204676
3.020341
0.20737498
0.22205056
0.71780556
0.0
0.0
0.0
0.0
0.0
0.0
4.261373
2.885188
0.20737498
0.20800425
0.22559467
0.0
0.79517794
2.5067487
2.2477958
0.97172797
0.6656343
2.1700127
1.0938526
0.20737498
0.20737498
0.0
0.0
0.0
0.0
0.18842773
3.1278467
5.381617
3.3771656
0.478675
0.20737498
0.20737498
0.3797071
0.0
0.0
0.0
0.0
0.0
6.2956657
6.4071107
1.4810754
0.20737498
0.06282666
0.27405724
1.1433176
0.17074199
0.0
0.0
0.0
0.40936738
6.531706
2.3847597
0.20737498
0.0
0.0
1.1205784
4.5843883
4.7216306
2.1899705
0.0
0.0
5.2135186
2.5798557
0.20737498
0.0
0.0
0.0
0.74169314
3.9374878
2.575977
0.48793623
0.0565289
3.037073
1.3350699
0.20737498
0.536463
0.0
0.0
0.0
0.0
0.0
0.0
0.0
0.73229223
0.15705441
0.20737498
0.0
0.78966063
0.7250311
0.0
0.0
0.0
0.0
0.0
0.0
0.0
0.0
0.0
2.34384
3.5455604
0.40518817
0.0
0.76587355
0.08676634
0.0
0.0
0.0
0.0
0.0
0.52261645
3.104607
1.2188656
0.0
0.07383228
1.797738
0.0
0.0
0.0
0.0
0.0
0.21637645
0.9995147
0.34594283
0.0
0.0
0.1778525
0.0
0.0
0.0
0.0
0.0
0.719909
2.3942802
0.9747652
0.0
0.0
0.0
0.0
0.0
0.0
0.0
0.0
0.6651324
3.1255906
3.4914887
1.1209307
0.37537563
0.0
0.0
0.0
0.0
0.0
0.0
0.0
0.91408163
1.9465785
1.3330519
2.9442904
1.6938796
0.0
0.0
0.0
0.0
0.1413343
0.26313433
0.0
0.0
0.0
0.5167975
2.3203511
0.0
0.0
0.0
0.0
1.3273547
3.2156465
1.4632179
0.0
0.0
0.0
0.5440704
0.0
0.0
0.0
0.0
0.26678115
2.7316127
4.189868
1.2108816
0.0
0.0
0.0
0.0
0.0
0.0
0.0
0.0
0.29630607
0.6604826
0.98506504
0.7977733
0.12531327
0.0
0.0
0.0
0.0
0.0
0.0
0.03392828
1.3366864
1.1237139
0.58361
0.8540172
1.0392228
0.44672513
0.0
0.0
0.0
0.0
0.8700687
3.6906793
2.2355826
0.23454288
0.36183897
1.3536931
0.5362559
0.0
0.0
0.0
0.0
3.085451
4.749387
0.0
0.0
0.0
0.0
0.0
0.0
0.0
0.0
0.0
2.1861267
0.43213582
0.0
0.0
0.0
1.4521194
0.0
0.0
0.0
0.0
0.0
0.1099249
0.43869478
0.32800338
1.425115
6.8269477
5.9474087
0.0
0.0
0.0
0.0
0.0
0.0
2.5361488
3.5673718
2.5458226
3.6956713
0.0
0.0
0.0
0.0
0.0
0.0
0.6983787
3.5867772
0.36525422
0.0
0.0
0.0
0.0
0.0
0.0
0.0
0.0
0.4318021
1.1804259
0.0
0.0
0.0
0.0
0.0
0.0
0.0
0.0
0.0
0.80673236
1.0343623
0.0
0.52261484
3.0347884
3.7316725
0.0
0.0
0.0
0.0
0.71759444
2.4240909
0.72969913
0.0
0.0
4.2893167
4.4073405
0.0
0.0
0.0
0.0
1.0917931
1.3639472
0.0
0.0
0.0
0.0
0.0
0.0
0.0
0.0
0.0
0.0
0.0
0.0
0.0
0.0
0.0
0.0
1.0114839
1.6784645
0.266891
0.0
0.0
0.0
0.0
0.0
0.0
0.0
0.0
2.2095647
4.4960914
1.4938003
0.0
0.0
0.0
0.0
0.76951677
0.35134792
0.0
0.0
1.4884605
7.364261
2.5052824
0.0
0.0
0.0
0.0
0.47733113
0.0
0.0
0.0
4.046888
8.394938
1.1669053
0.0
0.0
0.0
0.0
0.0
0.0
0.0
1.2926586
9.023995
4.4666734
0.0
0.0
0.0
0.0
0.0
0.0
0.0
0.0
4.494349
6.5690527
2.3224576
0.0
0.0
0.0
0.0
0.0
0.0
0.0
0.0
0.0
3.2505584
4.408488
1.0930053
0.0
0.0
0.0
0.0
0.0
0.0
0.0
0.0
2.0786502
7.0236588
1.5833144
0.0
0.0
0.0
0.0
0.31717744
0.031248223
0.0
0.0
4.162653
8.249098
1.0544661
0.0
0.0
0.0
0.0
0.0
0.0
0.0
0.31755036
7.967107
5.067549
0.0
0.0
0.0
0.0
0.0
0.0
0.0
0.13010772
3.4856317
3.6956275
0.0
0.0
0.0
0.0
0.0
0.0
0.0
0.0
0.0
0.0
0.0
0.0
0.0
0.0
0.0
0.34549642
1.3748298
0.14886892
0.0
1.3404776
1.4902469
0.0
0.0
0.0
0.0
0.0
0.39799336
3.8319361
5.646234
4.7296677
6.1025987
7.4151006
4.6037326
0.0
0.0
0.0
0.0
0.0
0.63242
1.0263551
0.026613021
0.0
0.9863369
1.8947732
0.0
0.0
0.0
0.0
0.0
0.0
0.0
0.0
0.0
0.0
0.0
0.0
0.468535
0.0
0.0
0.0
1.537798
3.3819656
2.9322045
2.9400012
0.59914196
0.0
0.0
0.0
0.0
0.0
0.0
1.735193
4.640007
6.2585506
7.05884
5.9020653
0.54930663
0.0
0.0
0.0
0.0
0.0
0.0
0.0
0.0
2.1008255
5.9663634
4.475508
0.0
0.0
0.0
0.0
0.5425472
0.0
0.0
0.0
0.0
0.0
0.782443
0.0
0.0
0.0
0.0
2.4213135
5.6586556
4.0974016
0.3050072
0.0
0.40003225
0.97290534
0.46132594
0.4578902
0.0
0.0
0.55862933
3.2929955
6.6694555
7.253233
5.8465805
4.1298566
1.8553987
0.56078106
0.094025545
0.0
0.0
0.0
0.0
0.0
0.0
0.0
0.0
0.0
0.0
0.0
0.0
0.0
0.0
0.0
0.0
0.0
0.0
0.0
0.0
0.0
0.0
0.0
0.0
3.447686
6.3007727
4.1747265
2.2543871
4.4400735
0.3485269
0.0
0.0
0.0
0.0
0.0
4.3753433
7.511367
4.6861744
0.79312146
0.61950666
0.7146777
0.0
0.0
0.0
0.0
0.0
0.04972138
0.0
0.0
0.0
0.0
0.0
0.0
0.0
0.0
0.0
0.0
0.0
0.0
0.0
0.0
0.0
0.0
0.0
0.0
0.0
0.0
0.0
1.7106643
7.7443247
10.131718
6.8438063
2.8218853
0.0
0.0
0.0
0.0
0.0
0.0
0.03919136
2.123224
2.9201376
5.805256
8.714187
3.7927423
0.0
0.0
0.0
0.0
0.0
0.0
0.0
0.0
0.0
0.0
0.0
0.0
0.0
0.0
0.0
1.2776734
2.8036683
0.0
0.0
0.0
0.0
0.0
0.0
0.0
0.0
0.0
2.5299873
7.797264
9.382267
5.601197
3.419449
2.5619392
1.9891442
0.0
0.0
0.0
0.0
0.110089116
0.23843016
0.23604648
0.10785646
0.4093838
0.6204973
0.40828294
0.75094706
0.4996938
0.37413412
0.097757466
0.13311286
0.70176625
0.7276811
1.5280821
2.3692842
2.596239
1.7544782
1.4510843
1.4360278
0.6022594
0.097757466
0.11396797
1.6158651
0.97614545
0.96625704
1.018294
0.79132026
0.0
0.0
0.27539396
1.1805999
0.097757466
0.12295307
1.8130018
0.69044536
0.0
0.0
0.99022603
0.0069116848
0.0
0.0
0.46913752
0.097757466
0.09781638
0.6223488
0.33015847
0.0
0.70110506
2.0269382
2.0072365
0.0
0.0
0.0
0.097757466
0.097757466
0.35634917
1.1570289
1.3895779
2.8982234
2.255995
0.120992444
0.0
0.0
0.35857242
0.097757466
0.097757466
0.66995615
1.7617961
0.8729975
0.44486436
0.0
0.0
0.0
1.4829726
0.6389096
0.097757466
0.15564635
0.7832251
1.7120554
0.8906006
0.40429136
0.2685745
0.0
0.0
0.06880389
0.8293458
0.097757466
0.4645021
0.48691177
0.19716765
0.82083106
1.7715135
2.573833
0.9211687
0.0
0.0
0.5431795
0.097757466
0.6147949
1.0372626
0.9322054
1.5493556
2.4445803
2.9675539
2.3852928
0.0
0.0
0.0
0.097757466
1.1249101
1.4662881
0.63121647
0.0
0.63610256
1.1887529
0.23406526
0.0
0.0
0.0
0.097757466
0.0
0.0295086
1.3739182
0.28715482
0.0
0.0
0.0
0.0
0.0
0.0
0.0
0.0
0.0
3.3181787
1.3712132
0.0
0.0
0.54862314
0.0
0.0
0.0
0.0
0.0
0.0
3.8863685
2.2783637
0.0
1.2781528
6.341395
5.9867525
0.0
0.0
0.0
0.0
0.0
1.3623688
2.0884583
0.45152715
1.955064
7.605318
6.617733
0.0
0.0
0.0
0.0
0.0
0.33968627
2.1344488
0.70862085
2.2730253
3.8641708
0.25949
0.0
0.0
0.0
0.0
0.0
0.47572547
3.266686
1.0838175
2.8673213
2.8570359
0.0
0.0
0.0
0.0
0.0
0.0
0.4843358
3.633478
2.6714044
4.7248425
5.27499
0.6810341
0.0
0.0
0.0
0.0
0.0
0.0
0.0
0.0
2.9328897
8.620459
6.7137327
0.0
0.0
0.0
0.0
0.03271731
0.8663128
0.0
0.0
0.0
6.3745313
6.709711
0.0
0.0
0.0
0.0
0.49750903
1.8443342
0.13469246
0.0
0.0
2.1416922
0.66765195
0.0
0.0
0.0
0.0
0.0
1.9979287
3.505846
1.8744601
0.9097633
0.6136112
0.0
0.0
0.0
0.0
0.0
0.0
0.0
0.0
0.0
0.0
0.0
0.0
0.0
0.23489346
0.0
0.0
0.0
0.0
0.0
0.0
0.0
0.0
0.0
0.0
0.18463756
0.0
0.0
0.0
0.0
0.0
0.0
0.0
0.0
0.0
0.0
0.33658296
0.0
0.0
0.0
0.0
0.0
0.0
0.0
0.0
0.0
0.0
0.09091507
0.0
0.0
0.0
0.0
0.0
0.0
0.0
0.0
0.0
0.0
0.0
0.0
0.0
0.0
0.0
0.0
0.0
0.0
0.0
0.0
0.0
0.029749947
0.0
0.0
0.0
0.0
0.0
0.0
0.0
0.0
0.0
0.0
0.24145596
0.0
0.0
0.0
0.0
0.0
0.0
0.0
0.0
0.0
0.0
0.2634236
0.0
0.0
0.0
0.0
0.0
0.0
0.0
0.0
0.0
0.0
0.11531254
0.0
0.0
0.0
0.0
0.0
0.0
0.0
0.0
0.0
0.0
0.0
0.0
0.0
0.0
0.0
0.0
0.0
0.0
0.0
0.0
0.0
0.0
0.0
0.0
0.90888375
0.6974447
0.6920128
1.1191773
1.4990457
0.73481727
0.02532731
0.7438679
0.3352345
0.0
0.0
1.8861719
0.81834066
0.0
1.188975
2.4721289
1.9994254
0.0
1.2783242
1.157988
0.0
0.0
2.18209
1.3624849
1.0650327
3.4074202
4.3899145
3.4703553
0.0
1.0101435
1.8187561
0.0
0.0
1.9734118
2.3617945
0.895982
2.2385921
3.492291
2.3981073
0.0
0.6478731
1.6512034
0.0
0.0
0.53483367
2.0317636
0.914807
1.8404051
2.7217133
1.8409796
1.5364841
1.1288512
0.55400956
0.0
0.0
0.19678071
1.8829167
1.1298424
3.4119756
4.5320187
3.1742773
1.5194608
1.2653238
0.20964089
0.0
0.0
0.65185606
2.9980028
2.067534
2.947533
3.7474365
1.8434486
0.0
1.6574295
0.9958434
0.0
0.05872167
0.52176684
1.7372993
1.2006354
1.7656898
3.1270208
3.0223134
0.0
1.0681572
1.6235766
0.0
0.44574156
0.966745
0.8458084
0.7291894
2.3612466
4.154051
3.5532806
0.0
0.5740136
1.6735961
0.0
0.47241113
1.1274605
1.6421466
1.3212036
2.2099597
2.494882
2.5055466
1.1755224
1.3769823
0.7941794
0.0
0.92990214
2.403024
2.1793783
0.60809016
0.77691275
2.6760163
2.5535507
1.2769963
0.43496016
0.0
0.0
0.0
0.0
0.72666335
1.3228718
1.219663
1.3248967
1.6389854
1.3229685
0.28141063
0.0
0.0
0.0
0.0
1.6304964
2.597346
1.0326514
0.3249828
1.6234871
2.3225923
0.53125477
0.0
0.0
0.0
0.0
0.97180605
1.5275489
0.0
0.0
1.1525633
3.5459602
0.6712893
0.0
0.0
0.0
0.0
0.4567961
0.0
0.0
0.0
1.9665039
5.3567047
0.0
0.0
0.0
0.0
0.0
0.1458302
1.0067577
1.6966158
2.32707
4.672751
3.1604595
0.0
0.0
0.0
0.0
0.0
0.0
1.5414636
0.86752445
2.4197092
3.5657344
1.1294029
0.0
0.0
0.0
0.0
0.0
0.0
1.0762916
0.0
0.08385921
2.7224889
1.3276229
0.0
0.0
0.0
0.0
0.0
0.0
0.14029549
0.0
0.0
1.7533613
4.049386
0.0
0.0
0.0
0.0
0.0
1.158704
1.7207348
0.6264642
0.0
2.3793218
5.796184
0.0
0.0
0.0
0.0
0.0
1.0031596
0.3942659
0.08778594
0.6470263
2.6448743
3.0246556
0.0
0.0
0.0
0.0
0.0
0.0
0.0
0.0
0.0
0.0
0.0
0.0
0.0
0.0
0.07582856
0.07142231
0.0
0.0
0.0
0.0
0.0
0.0
0.0
0.0
0.08835483
0.14065602
1.8472595
2.9037411
3.5900557
4.392341
5.6440463
4.496516
0.9472036
0.0
0.0
0.08835483
0.11218624
1.4623532
4.3380747
5.2405167
4.8642793
6.220568
6.933813
5.172635
0.98975843
0.0
0.08835483
0.08607286
0.0
0.0
2.6008596
2.157171
1.641427
3.5042462
6.46151
3.840024
0.73080397
0.08835483
0.08796318
0.10971724
0.224178
1.4026138
1.148765
0.0
0.0
1.5783626
3.0719335
1.4841428
0.08835483
0.08835483
1.2381071
4.436246
6.3528047
5.847592
4.540224
2.1758754
0.9044938
1.6625221
1.0979446
0.08835483
0.08835483
0.18042745
1.5392356
4.28101
6.6668544
8.537048
8.823188
4.394838
0.0
0.0
0.08835483
0.0
0.0
0.0
0.0
2.1814752
5.2695565
7.564213
6.671647
1.2972275
0.0
0.08835483
1.1526828
2.4180963
1.9317162
0.0
0.0
0.0
1.041209
5.8386807
3.5168054
0.44105014
0.08835483
1.2833525
4.7535405
7.3727474
6.524158
4.0329247
2.255197
2.0241141
3.2384
2.9834309
1.0161963
0.08835483
0.0
0.2675842
4.6092052
9.43508
8.800213
5.0996075
3.2658203
2.9075992
3.0878062
1.4007014
0.08835483
0.02386113
0.16191322
0.0
0.0
0.0
0.0
0.0
0.0
0.0
0.0
0.020029718
0.009373223
0.0
0.0
0.0
0.0
0.0
0.0
0.0
0.0
0.0
0.020029718
0.0
0.0
0.0
0.0
0.0
0.6403417
0.006813554
0.0
0.0
0.0
0.020029718
0.057610467
1.8431914
5.9616942
9.580118
8.566139
7.811463
5.0918226
0.5050404
0.0
0.0
0.020029718
0.0204281
0.8308528
1.7726809
0.19166413
0.0
0.0
0.0
0.0
0.0
0.0
0.020029718
0.020029718
0.0
0.0
0.0
0.0
0.0
0.0
0.0
0.0
0.24065353
0.020029718
0.020029718
0.07248402
1.1540496
3.8934174
2.957353
1.7738692
0.0
0.0
0.0
0.0
0.020029718
0.06723854
1.0406808
3.6471915
6.9057164
8.982074
8.88808
5.6939445
0.0
0.0
0.0
0.020029718
0.0
0.0
0.0
0.0
0.0
1.6399004
2.7271163
0.36623552
0.0
0.0
0.020029718
0.0
0.0
0.0
0.0
0.0
0.0
0.0
0.0
0.0
0.0
0.020029718
0.92921895
3.5381904
5.6310387
3.2454295
0.0
0.0
0.6282447
2.649842
2.1651993
0.9009394
0.020029718
0.017155444
1.153116
2.5140831
1.8599416
1.1202259
1.2569664
1.0695207
0.0
0.0
0.0
0.0212128
0.0059589488
0.6996443
1.1966966
0.0
0.0
0.0
0.0
0.0
0.0
0.0
0.0212128
0.0019199692
0.0
0.0
0.0
0.0
0.0
0.37621495
0.08601052
0.0
0.0
0.0212128
0.018777095
0.0
0.0
2.676349
4.428388
2.5701535
0.0
0.0
0.0
1.0946352
0.0212128
0.021220477
0.43609366
2.4595182
3.4271655
0.40648577
0.0
0.0
0.0
1.5020279
1.2061487
0.0212128
0.0212128
0.0
0.0
0.0
0.0
0.0
0.009834646
1.0599086
0.49680117
0.0
0.0212128
0.0212128
0.0
0.0
0.0
0.0
0.0
1.3138038
0.49988815
0.0
0.0
0.0212128
0.21951875
0.88303834
1.1455734
0.79743266
0.0
0.0
0.0
0.0
0.0
0.07000647
0.0212128
0.6673991
1.675818
1.4008957
0.12809724
0.37575084
0.72346574
0.0
0.0
0.0
0.77141535
0.0212128
0.0
0.0
0.0
0.25336325
0.0
0.0
0.0
0.0
1.4567462
1.300075
0.0212128
0.0
0.0
0.0
0.0
0.0
0.0
0.0
2.5916636
2.754918
0.0
0.0212128
0.0
0.0
0.0
0.0
0.0
0.0
0.0
0.9358152
1.5523167
0.42223966
0.0
0.0
0.0
0.0
3.6957352
5.4761863
2.878538
1.867621
1.2595451
2.0886283
0.83329546
0.0
0.0
0.74518305
5.1585298
6.220768
2.0108204
0.0
0.0
0.0
2.2910895
0.2889319
0.0
0.0
1.1622654
1.1643549
0.0
0.0
0.0
0.0
5.9626923
1.7685826
0.0
0.0
0.0
0.0
0.0
0.0
0.0
3.3112745
9.056813
5.304104
0.0
0.0
0.0
0.0
0.0
0.0
3.3594737
4.9538445
4.8429904
1.7339387
0.0
0.0
0.0
0.0
0.0
0.06125473
2.9352462
3.8232512
0.0
0.0
0.0
0.0
1.3320763
0.4464589
0.0
0.0
0.0
0.0
0.0
0.0
0.0
0.0
0.0
0.77280533
0.07558108
0.0
0.0
0.0
0.0
0.8279637
0.0
0.0
0.9899636
4.8906775
2.031584
0.0
0.0
0.0
1.7205635
2.0306025
0.0
0.0
4.818558
10.079251
6.3651676
0.0
0.0
0.0
0.5836941
1.8929036
0.90899134
0.0
1.9899921
5.273572
1.980044
0.0
0.0
0.0
0.0
0.17873912
0.7188792
0.157947
0.0
0.0
0.0
0.0
0.0
0.0
0.25720245
0.1888616
0.2404471
1.8388293
2.013531
0.0
0.0
0.47744003
0.0
0.0
0.0
0.0
0.1888616
0.18799284
0.67699516
2.324043
0.26502872
0.0
0.63770586
1.7940873
0.30044904
0.0
0.0
0.1888616
0.18258668
0.0
0.83536524
0.5541246
0.08461534
0.516569
1.9126562
0.81993717
0.0
0.0
0.1888616
0.18848693
0.24030344
0.9289606
0.21991853
0.110887334
0.0
0.0
0.0
0.0
0.18440163
0.1888616
0.1888616
0.5572966
2.367144
1.880952
0.2987322
0.13895407
0.0
0.0
0.0
0.68238205
0.1888616
0.1888616
0.0
0.3730383
0.80908495
0.689388
2.2330918
2.095978
0.0
0.0
0.0
0.1888616
0.29903156
0.2670546
0.0
0.0
0.010850185
1.4307061
2.3851435
0.5450829
0.0
0.0
0.1888616
0.9630296
1.4993103
0.6224384
0.0
0.0
0.0
1.7513181
0.6035868
0.0
0.0
0.1888616
0.3802323
1.6538993
2.2148776
0.7175486
0.0
0.0
0.0
0.0
0.0
0.006332087
0.1888616
0.0
0.0
0.7949155
1.8597374
1.2382046
0.49107274
0.0
0.0
0.0
0.6100859
0.1888616
0.0
0.0
0.061545383
0.09801064
0.1012156
0.0
0.0
0.0
0.0
0.0
0.0
0.0
0.72775316
0.82295007
0.0
0.0
0.0
0.0
0.0
0.0
0.0
0.0
0.0
1.9012846
2.5584424
0.25324672
0.0
1.3711628
1.5941101
0.0
0.0
0.0
0.0
0.0
0.27562833
1.9602262
1.8964342
1.0726689
3.5773811
5.331667
2.0076551
0.0
0.0
0.0
0.0
0.0
0.0
0.8317435
1.1351123
1.2781135
0.49604666
0.0
0.0
0.0
0.0
0.0
0.34280482
1.4564238
0.6436311
0.0
0.0
0.0
0.0
0.0
0.0
0.0
0.0
0.7237576
2.8965075
3.1214833
1.8271523
0.890572
0.0
0.0
0.0
0.0
0.0
0.0
0.0
0.0
1.6312517
3.6168306
5.920998
5.1012635
0.0
0.0
0.0
0.0
0.027276926
0.11165091
0.0
0.0
0.0
1.8116405
4.2837033
1.808371
0.0
0.0
0.0
0.9653866
2.2117164
0.5648342
0.0
0.0
0.0
0.003922542
0.0
0.0
0.0
0.0
0.20739542
2.4919336
4.618934
3.0195744
0.29509765
0.0
0.0
0.0
0.0
0.0
0.0
0.0
0.074743986
0.9266938
0.27287865
0.0
0.0
0.0
0.0
0.0
0.0
0.0
0.0
1.6273409
3.8092797
0.8958404
0.0
0.0
0.0
0.0
0.0
0.0
0.0
0.0
3.233349
3.307495
0.0
0.0
1.061018
2.4873245
0.0
0.0
0.0
0.0
0.0
1.8018005
1.2820956
0.0
0.8976318
4.683827
5.7946844
0.0
0.0
0.0
0.0
0.0
0.0
1.023219
2.246722
1.3667891
3.2296932
0.4817584
0.0
0.0
0.10252052
0.0
0.0
0.40904963
3.4991522
3.1215167
0.06530737
0.0
0.0
0.0
0.0
0.0
0.0
0.0
0.86142904
3.3480024
1.7612834
1.2427815
1.707272
0.0
0.0
0.0
0.0
0.0
0.0
0.39278823
1.1030666
0.33742946
1.8887748
3.7943318
4.076122
0.0
0.0
0.0
0.0
0.17735042
1.5915654
0.85735285
0.0
0.0
2.81112
4.896671
0.0
0.0
0.0
0.0
1.1722065
3.0775058
0.71559864
0.0
0.0
1.6397698
0.44333604
0.0
0.0
0.0
0.0
0.98057264
2.2465224
2.6752243
1.8885411
1.1396451
0.0
0.0
0.0
0.15063351
0.43211043
0.0
0.0
0.4123207
0.0
0.0
0.597002
0.9989002
0.8319145
1.0152742
1.7680264
0.6160339
0.0
0.0
0.0
0.0
0.9462311
3.110529
2.2113254
1.9374387
1.4152954
2.5599756
1.515573
0.0
0.0
0.0
0.32135025
1.0156355
1.030305
0.4985814
0.0
0.0
2.4072928
1.6776125
0.0
0.0
0.0
0.0
0.0
0.0
0.0
0.0
2.3701823
3.5192595
0.030453524
0.0
0.0
0.0
0.0
0.0
0.90149266
0.60886997
2.2537754
3.9453704
0.5090306
0.0
0.0
0.0
0.0
0.0
0.0
1.8067412
1.3762478
1.0539497
1.07612
1.0281583
0.7733639
0.0
0.0
0.0
0.0
0.99336153
0.0
0.0
0.0
0.0
2.7315912
1.2051623
0.0
0.10270337
0.0
0.0
0.0
0.0
0.20413828
0.0
0.0
2.0210488
1.3563106
0.0
0.0
0.0
0.0
1.9065292
1.3586063
0.0
0.0
2.0588472
3.468062
0.5962511
0.0
0.0
0.0
1.2577055
0.38886276
0.46563148
0.99389666
2.918315
4.2136855
0.533251
0.0
0.0
0.0
0.0
0.26195744
0.09309225
0.017908005
0.98080677
0.51986057
0.0
0.0
0.09231911
0.0
