1
32
11
11
0.04390882
0.9660478
1.9901972
2.8368847
2.6338568
1.8663964
0.8627512
0.04443595
-0.046218988
-0.036956318
-0.036956318
0.024877591
1.1904078
3.2348816
4.749546
4.6460752
4.382871
3.0349867
0.9873203
0.1069662
-0.036956318
-0.036956318
0.31304795
1.327928
1.479395
0.78828865
1.4912349
3.137791
2.3938606
1.612912
-0.016803429
-0.057527818
-0.036956318
-0.18711519
-0.8974736
-1.5705261
-2.5650897
-1.5639333
-0.43719575
0.49167058
0.7440662
-0.50038517
-0.10963717
-0.036956318
-0.056257375
-0.5838892
-1.4537938
-1.3820162
-1.1053673
-0.68845403
1.013988
0.9597521
-0.531818
0.16270453
-0.01855832
-0.050205156
0.8116048
2.4533517
3.5339723
3.3477385
3.5523424
2.9168818
2.1369612
2.0409005
2.0660686
0.51082003
-0.037246
1.2122046
2.769851
3.9260302
3.8689156
3.2413404
1.5077173
1.5979528
1.3257022
0.7670188
-0.49877888
-0.02590583
0.6405258
0.26033646
-0.62561893
0.16695926
0.37348354
1.2558795
-0.40306053
-3.0022235
-3.018439
-2.2696157
-0.027396938
-0.8011456
-1.4358797
-1.7843994
-1.182387
0.36688212
-0.13944995
-3.150231
-4.643909
-1.9420207
-0.49008858
-0.036956318
-0.02391182
-0.5980207
-0.9598075
0.30545872
1.5444984
-0.2876845
-1.3269706
-1.4802157
-0.008556392
-0.027834753
-0.036956318
-0.036956318
-0.036956318
0.0780123
0.013160365
-0.3347988
-2.1423318
-2.9691248
-1.4259598
-0.036956318
-0.036956318
-0.10163048
-0.87573797
-2.0784144
-1.560199
-1.413921
-0.5618951
0.2732359
0.3282633
0.16722614
0.16532597
0.16532597
-0.7084213
-4.7573123
-7.4685926
-5.393293
-4.3811545
-2.4394574
-1.1520287
0.573261
0.4091139
0.16532597
0.16532597
-1.2241323
-7.3502407
-9.145181
-6.6762595
-6.0998864
-4.0123
-1.244904
1.8531035
0.9570067
0.17744948
0.16532597
-0.92467314
-5.044785
-5.1665444
-4.217533
-4.725384
-4.9939156
-0.9741612
5.0678782
2.7420847
0.16007765
0.16532597
0.07686997
-1.7063951
-2.6263397
-2.9652913
-4.098117
-7.287088
-3.7344286
5.352691
3.8199158
0.09632899
0.25091878
0.16300307
-0.9137732
-3.9622092
-4.5239625
-6.7265763
-10.652638
-5.6644387
3.5418944
1.0787357
-0.63103235
0.8542281
0.169753
-3.6585164
-8.621209
-7.610774
-9.025749
-10.852045
-6.647697
-0.9150957
-1.8031392
0.89003766
1.8953538
0.15437911
-4.7625256
-8.239386
-6.3545437
-5.206837
-7.3804717
-4.472453
0.11354805
1.2402182
5.4040546
3.8972309
0.15755253
-2.411956
-4.066293
-3.7290056
-5.7989864
-7.9342413
-1.3136966
5.216974
2.858705
3.7718706
1.7084293
0.16532597
0.141257
-1.340139
-2.7584891
-8.920801
-10.874546
1.545456
7.775379
1.5474465
0.15151893
0.15082626
0.16532597
0.16532597
0.16532597
-2.219209
-9.3698845
-8.47711
4.4618926
6.898303
1.3457762
0.16532597
0.16532597
-0.024377018
0.07477836
0.26110545
0.19414826
0.27077314
0.09073148
-0.018626083
0.07853925
0.07285405
0.063450806
0.063450806
-0.32229978
-1.5407209
-3.0603478
-3.4274137
-2.7287
-1.7653114
-0.7741988
-0.4510159
-0.14403456
0.063450806
0.063450806
-0.2759076
-2.455653
-4.6635723
-4.375544
-4.22964
-3.8958743
-2.207048
-0.6063682
0.20337756
0.08157803
0.063450806
-0.5387366
-2.2242362
-3.1186042
-2.1482775
-3.3080587
-3.6089108
-1.9260162
-0.72909176
0.94050676
0.050612822
0.063450806
-0.027128171
-0.76169413
-1.2240591
-1.2112434
-2.077088
-2.1522
-1.6219704
-0.49977675
1.94174
0.2339916
0.12374228
0.064224586
-0.4124233
-0.6160224
-1.6720825
-2.85079
-3.9748974
-3.812359
-1.2232014
1.2580228
-0.8405241
-0.505773
0.06555338
-0.88874024
-3.0346367
-4.4404407
-5.1930203
-5.7786765
-4.5641427
-3.7188568
-2.6171007
-2.4468262
-0.067533135
0.044771183
-1.3234351
-3.2801192
-4.022037
-4.3643804
-4.366564
-3.189434
-2.8018339
-1.487425
0.10709252
2.0119588
0.05891258
-1.1602162
-1.9993804
-2.6087606
-2.7603898
-2.7676065
-3.5025456
-1.5172321
0.84070516
1.2204612
1.4908322
0.063450806
0.053605627
-0.712767
-1.4865583
-2.9991655
-4.478214
-2.8747184
0.017456118
1.4684309
0.18716942
0.09095771
0.063450806
0.063450806
0.063450806
-0.7223016
-3.5132878
-5.031638
-2.2884877
0.82896817
1.5193166
0.063450806
0.063450806
0.099924415
1.0193548
2.3678336
3.2008407
2.861048
2.10744
1.014128
0.098058656
-0.02981762
-0.05361384
-0.05361384
0.67477304
3.6885805
8.277397
11.246831
10.176798
8.440973
6.421265
2.8326304
0.30899036
-0.05361384
-0.05361384
0.3341015
0.99993104
2.0970116
4.662183
7.1758237
9.443935
8.435267
5.1899147
1.3992752
-0.016530521
-0.05361384
-0.70339847
-2.6398265
-3.5282023
-3.5747154
-1.4453447
1.9870801
3.437472
3.5535736
2.1172254
0.00808067
-0.05361384
-0.19458035
-1.3766373
-2.0263145
-3.2536485
-3.4246483
-0.9545461
1.3107051
3.0750787
2.4940813
0.41475037
0.044122532
-0.04902467
1.0241169
3.5641048
5.7159705
6.0816774
4.4568872
2.9064524
5.364201
6.639039
4.5842934
2.1029599
-0.046940316
1.879114
5.363059
9.636065
9.769561
6.8553615
4.386068
6.840073
8.923164
6.769153
3.208375
-0.0839211
-0.693498
-1.6541984
-1.1613071
1.3452631
1.9213017
2.0575497
0.008921162
-2.888889
-2.3937836
-0.67278415
-0.07800894
-1.8965424
-3.0119116
-4.1409187
-2.4202347
-0.05201446
-0.050234992
-1.1114583
-3.2856958
-1.5351388
-0.5890786
-0.05361384
-0.08942517
-1.2961222
-0.87248474
0.6694727
1.871668
3.0191872
3.6520758
1.1509928
0.009886438
-0.043831248
-0.05361384
-0.05361384
-0.05361384
0.05479059
-0.6880988
-0.38929
0.9709003
1.040492
0.09038247
-0.05361384
-0.05361384
0.079537734
-0.4849211
-0.87503713
-1.1165874
-1.008856
-0.4693243
-0.1511443
0.18143968
0.15622169
0.13978069
0.13978069
0.80262154
-0.13756986
-2.7398524
-4.3509555
-4.4937077
-4.2024345
-2.4949021
-0.5477872
0.21254563
0.13978069
0.13978069
1.5984797
3.7973013
1.2543721
-2.392747
-3.6174705
-5.4423466
-6.9490075
-3.1561227
-0.28781965
0.1682553
0.13978069
0.76769185
3.2349927
4.442966
1.7398578
-0.05123144
-2.8185477
-6.8496194
-5.5322466
-1.6297495
0.17107098
0.13978069
0.14264216
0.537781
1.8405827
2.6615465
3.1168156
0.2908063
-4.9198594
-5.745071
-2.8606963
0.020729205
0.17892958
0.16741924
-0.23680237
-1.656451
-2.3573918
0.38689345
0.8958472
-3.0888913
-6.730302
-5.0642
-1.2166374
-0.2038064
0.2043422
2.0701754
-0.588585
-3.358759
-3.0159352
-2.2068388
-1.6264744
-4.148523
-5.761293
-4.37349
-1.6476525
0.18405011
3.5236504
3.965538
0.7199016
-1.7202948
-3.5512826
-2.5106592
-0.9696635
-1.7182324
-3.5311027
-2.5255353
0.13894722
1.23926
3.4753814
2.9409437
0.9525368
-2.3305097
-4.842893
-2.6285663
-0.37304467
-0.39932957
-0.971126
0.13978069
0.1288541
0.6442327
1.9246143
2.432934
-0.5166808
-5.1448145
-4.441072
-1.1618574
0.13667087
0.14461021
0.13978069
0.13978069
0.13978069
2.0599778
3.4074621
1.0402186
-4.380147
-4.308454
-1.1721324
0.13978069
0.13978069
0.16787033
-0.84294313
-2.754741
-3.5018785
-3.3356586
-2.5110292
-1.052118
-0.090125814
0.031666417
0.00933844
0.00933844
0.9782014
2.1671126
-0.5590553
-3.1295516
-4.220259
-5.049863
-5.257324
-2.5232365
-0.34729588
0.00933844
0.00933844
0.33246404
3.6985433
5.203238
4.2965355
2.1548703
0.10892442
-3.812557
-4.1093264
-0.96252996
0.041972216
0.00933844
-0.16879028
1.184919
4.742752
8.034846
7.922593
6.171809
1.5972116
-2.9620166
-0.65859663
-0.016686574
0.00933844
-0.07150081
-0.24196056
0.42579073
2.5306518
4.8694363
6.3003798
2.6539013
-2.4950945
-1.1399236
-0.42840883
0.01308663
0.055900443
0.59193456
-1.4370757
-4.0595007
-3.4754047
0.12457469
1.2843641
-1.8275982
-3.5823245
-4.342225
-1.3974446
0.03723509
2.4730096
2.8560839
0.2692467
-1.2587368
-0.93753016
1.5374539
2.1308253
0.48239976
-2.6532483
-0.9200742
-0.028710768
1.0396388
5.447777
6.74051
5.2429223
2.9221957
0.39904413
2.5505538
5.693083
3.6568177
1.5690328
-0.006864295
0.10112195
1.8503315
5.1235175
6.061765
4.063286
-0.3252235
0.29222345
3.9761403
3.2739997
1.4542594
0.00933844
-0.015379035
-0.02053006
1.6904541
4.092611
3.3351986
0.12034453
-1.0057795
0.2871507
0.123656
0.02998843
0.00933844
0.00933844
0.00933844
0.7832995
3.991901
4.4370656
2.805067
1.429562
0.6340903
0.00933844
0.00933844
0.27016795
1.2363255
0.6159722
-0.17987248
-0.7372176
-1.327485
-1.0698177
-0.4998933
-0.17393668
-0.15570675
-0.15570675
0.26524818
2.2952633
1.4369437
-0.6472359
-0.7592091
-1.0689539
-3.491277
-2.7401261
-0.67390114
-0.15570675
-0.15570675
-0.7318747
0.5764411
1.6853453
-0.26530537
-0.9060858
-0.8040936
-3.279188
-5.1743937
-2.0104756
-0.18562618
-0.15570675
-0.3366061
-0.662389
-0.68071043
-1.6336334
-0.61931646
0.120001666
-0.86389184
-4.8793197
-3.35795
-0.24536666
-0.15570675
-0.102384776
0.29274425
-0.57569563
-1.5303546
-0.5004782
0.6583047
0.6551999
-4.1855955
-4.2134013
-0.75413185
-0.40692005
-0.15348586
1.979232
1.9092385
0.066805676
-1.4038363
0.33169937
2.4128082
-1.873749
-3.9718578
-3.3735414
-2.0856485
-0.18681532
1.2452574
3.502882
0.36848617
-1.4517428
-0.90114564
-0.4704904
-1.5155209
-2.9955812
-4.69442
-3.9683175
-0.17256916
-0.93392926
1.3786268
0.36690184
-0.2020679
0.26645884
-3.503444
-4.566286
-2.33483
-2.4419053
-2.8618147
-0.1484238
-0.25679082
-0.68864965
0.41336903
0.5724616
1.6032056
-1.9005456
-5.9954343
-3.557655
-1.8335121
-1.275854
-0.15570675
-0.13123736
0.042150874
0.69293404
2.0485647
2.361208
-1.9185357
-5.928973
-2.8976917
-0.30054602
-0.19450678
-0.15570675
-0.15570675
-0.15570675
-0.5467586
1.6303303
1.5049161
-2.3003147
-4.8503356
-1.9619306
-0.15570675
-0.15570675
-0.43401468
-1.6274852
-3.0742986
-4.628705
-4.33977
-3.3614478
-1.5358678
-0.07684353
0.13512762
0.104925215
0.104925215
-0.7809278
-3.1262758
-4.5354834
-6.4823084
-7.5152817
-7.430603
-5.6797695
-3.6728203
-0.589121
0.104925215
0.104925215
0.29681295
0.88519794
2.5369802
3.664112
0.6347998
-2.4898357
-3.6726453
-3.2557056
-1.6976503
0.13188498
0.104925215
0.5381792
3.1127062
4.9311776
6.1415315
6.4822364
4.6366196
-0.11929587
-2.3623333
-1.5777053
0.07804033
0.104925215
0.07583807
0.8894744
1.5755335
2.4378886
2.4186447
1.5407352
-0.87131244
-2.654062
-1.9724944
-0.35913578
0.11075849
0.08278738
-1.9116809
-4.1027813
-6.4895334
-6.881064
-4.8784075
-3.6318913
-4.654863
-6.2301908
-4.954453
-2.2335045
0.11705432
-1.936035
-2.7368984
-3.0820885
-3.3984475
-1.2547688
-1.8129767
-2.860803
-2.0250146
0.2567489
0.526035
0.1023385
1.5004982
3.3463852
5.748256
5.170184
3.461915
1.7991176
4.144039
7.2807198
5.3679066
2.3021035
0.08845613
1.3226297
3.0038369
3.738226
2.5426354
0.39567327
0.1392095
1.4592113
1.9234269
0.016356416
-0.60410595
0.104925215
0.083909914
0.84012824
0.5642762
-0.29361588
-0.43146262
0.5148958
0.011447666
-0.4287263
0.043659233
0.08951021
0.104925215
0.104925215
0.104925215
0.39931133
2.248027
4.9994855
6.0398426
3.478724
0.37422436
0.104925215
0.104925215
0.25132915
-0.40653902
-1.4327056
-0.40030712
-0.12274798
0.37693405
1.0143254
0.7219413
0.12043313
0.10462742
0.10462742
0.96951836
1.1412605
-2.616119
-1.9554602
-1.5306883
-1.4897087
-0.881467
1.2720078
1.0487204
0.10462742
0.10462742
0.8433765
2.598576
-1.841786
-2.0700667
-2.2649088
-1.9380268
-2.2410188
0.21209629
1.8137
0.12452407
0.10462742
0.2233274
0.43711528
-1.1659584
1.1946447
0.16834845
-1.6429585
-2.9433424
0.8748094
2.6934311
0.14388941
0.10462742
0.066363044
-0.2633976
-1.1602664
0.22117014
0.7083119
0.071788
-2.4742792
-0.031471852
3.3559756
0.6508049
0.48774272
0.13833341
0.66378057
-1.7238557
-2.2992878
-0.14884296
0.06944956
-2.1390643
-0.473593
1.6849536
-0.07785142
1.5041983
0.15296513
2.3999217
-0.896127
-2.5772903
-1.3767302
-2.7605348
-2.2624297
0.8274144
0.5573472
-2.2352262
0.79138136
0.1346039
2.0578532
-0.4656589
-1.2148796
-1.1361473
-2.0594237
-1.2718347
1.639522
1.1042951
-0.65701044
1.8472118
0.10129637
0.2525116
-0.5929036
-0.39066666
0.3610546
-1.7687856
-2.0430303
1.5390863
1.4280413
1.0189813
1.9295503
0.10462742
0.09671736
-0.0015768062
-0.22389741
1.5495573
-3.1096737
-3.1555068
3.061982
2.2757277
0.19944367
0.12341381
0.10462742
0.10462742
0.10462742
1.3018965
1.4821725
-3.3833137
-2.895953
2.5252316
1.3016034
0.10462742
0.10462742
-0.36377728
-1.0574996
-2.3454278
-3.6049047
-3.5770476
-3.0543
-1.8674296
-0.61267835
-0.31176943
-0.28816745
-0.28816745
-0.0159155
0.19570342
1.0371349
1.4664328
0.10454728
-1.35862
-2.392786
-2.2028954
-0.8085324
-0.28816745
-0.28816745
0.22509761
1.9792556
4.76591
6.986323
6.029411
3.6757426
1.6688758
0.040296387
-0.7296068
-0.31924954
-0.28816745
0.17737517
1.857665
1.9066918
1.5438467
3.801131
4.3112187
-0.11445391
-1.2022673
-0.33996502
-0.32065448
-0.28816745
-0.2814423
0.33711988
0.03489187
-1.1046844
-0.8736605
-0.4948472
-2.555653
-2.5351841
-2.162088
-1.0937899
-0.51453996
-0.29842034
-0.62678885
-1.5466793
-2.5483878
-2.2151792
-1.2553487
-1.2762976
-2.532185
-3.4298353
-2.6229718
-1.2008109
-0.31356537
0.39257857
1.3795246
4.044417
5.4126525
5.9954486
3.569967
1.3290285
2.9509456
4.4630065
2.3962781
-0.30849135
1.6679384
2.8509493
4.0656424
5.578476
4.646456
2.7453237
2.3308997
2.3725047
1.1205932
-0.25544098
-0.2945371
0.97547436
1.4698031
0.23315296
0.8318464
-0.14711313
0.10412428
0.11322397
-2.153182
-3.8655014
-2.6520422
-0.28816745
-0.2846268
0.43650424
0.77074504
0.975299
2.223805
1.3550327
-0.2883851
-0.42882013
-0.35300678
-0.2830467
-0.28816745
-0.28816745
-0.28816745
0.6577742
3.0381587
4.8208537
3.2732675
0.8143921
-0.3663753
-0.28816745
-0.28816745
-0.076842055
-0.35153162
-0.85763735
-1.0653086
-0.9667623
-0.7500151
-0.31069782
-0.09970595
-0.07443069
-0.06836156
-0.06836156
0.5733135
1.9007274
1.3458102
0.61880445
-0.28426263
-1.2825016
-1.4414983
-0.7925516
-0.3475332
-0.06836156
-0.06836156
0.4469288
2.831726
5.23203
5.8731036
4.9594526
3.66558
0.9785525
-0.2057552
-0.28165838
-0.08849955
-0.06836156
-0.8245686
-2.463193
-0.50200164
3.3927832
4.532845
3.9520102
2.4903374
0.3910905
0.21892758
-0.09974939
-0.06836156
-0.16111636
-1.90369
-3.1819975
-2.8672442
-1.5822204
0.27070332
0.37427613
0.24425262
0.7307031
-0.029360292
-0.061187126
-0.046791725
-0.0051252786
-0.7303643
-2.7767186
-3.5036492
-2.68616
-1.4246254
0.15294228
-0.3542941
-0.96506745
-0.26336208
-0.018497454
1.5961002
2.8783958
3.1522481
1.9039092
-0.27121833
0.62620217
3.6223018
4.2728157
2.1819
1.215134
-0.035962526
-0.4345239
1.9957942
4.1762657
4.088295
1.7152027
1.1452284
2.6450782
4.066226
3.9839666
2.1428366
-0.07553901
-2.238278
-2.8029706
-1.905854
-0.4233024
-0.59592116
-2.7950687
-2.805865
-2.339124
-0.4412597
0.0958871
-0.06836156
-0.106470525
-1.5537305
-1.9688408
-1.118762
-0.29526073
0.44190183
1.0330398
0.78120565
-0.08229085
-0.071938716
-0.06836156
-0.06836156
-0.06836156
0.15632793
0.93348134
2.1327298
3.483629
2.815266
1.2278602
-0.06836156
-0.06836156
-0.5138577
-2.1442153
-3.3729134
-4.3328543
-4.036946
-2.735218
-0.9660472
-0.35385394
-0.09127467
-0.096020654
-0.096020654
-0.9909067
-5.276009
-9.105654
-8.616436
-7.776863
-6.4289703
-3.5639513
-1.3285384
-0.37217036
-0.096020654
-0.096020654
-0.47893322
-3.102278
-4.7215447
-3.2800047
-4.21185
-4.793048
-3.4657283
0.14768301
0.30772316
-0.08510332
-0.096020654
0.43609962
1.7466152
4.151375
4.7354326
2.5711875
0.8790608
0.23317853
1.9324498
2.0868146
-0.091175705
-0.096020654
0.014286563
0.82356083
2.642844
4.035983
4.1735516
1.0129417
-1.309866
2.1516852
2.48665
-0.28231338
-0.2562478
-0.10554776
-2.2231193
-5.0849605
-5.6654882
-5.3026233
-6.02465
-3.871803
-0.41926068
-1.9596657
-2.8281167
-0.86000305
-0.11561309
-3.1665144
-7.9388967
-8.20686
-7.0635405
-5.3255076
-2.8539047
-2.2055027
-2.7291598
-0.36438978
2.1834595
-0.076251216
-0.70190793
-0.7582615
0.043834154
0.22636674
-0.28031516
0.8087098
5.0632133
7.4674478
7.3074737
4.404448
-0.09546411
1.0777221
2.8247542
4.073638
2.78694
-0.96529096
3.1789777
9.624546
8.734645
4.1568875
1.319355
-0.096020654
-0.08850701
0.7781417
1.1271833
-2.874965
-4.483518
1.994889
5.7481713
2.9449809
-0.05995486
-0.092354
-0.096020654
-0.096020654
-0.096020654
-0.4849911
-2.517349
-1.1653777
5.816908
7.3550644
2.4672549
-0.096020654
-0.096020654
0.58282787
2.8546236
4.034531
4.701549
3.965283
2.43717
0.93097246
0.11010336
0.008232799
-0.0009374578
-0.0009374578
1.1937083
5.4881015
8.33184
9.076064
8.256085
6.868904
3.9802005
1.5080718
0.16048032
-0.0009374578
-0.0009374578
-0.7573061
-2.2681167
-2.2685828
-3.302809
-1.0907612
1.6494033
1.5021802
-0.45973137
-0.39073965
0.0027341652
-0.0009374578
-1.2452313
-6.6231155
-11.423187
-17.331135
-16.271395
-11.776354
-8.35497
-5.669964
-2.8611863
-0.02902968
-0.0009374578
-0.12306015
-1.7806594
-4.757222
-10.207311
-12.183828
-12.466579
-10.8113
-7.4063687
-4.5642557
0.23988236
0.057934627
0.06834514
3.057266
5.7442927
6.227757
3.6281571
-2.1849225
-5.002529
-3.9226685
-0.84167266
3.1103928
1.2033399
0.012752541
1.9715649
5.4803495
6.075223
3.914769
-0.83627784
-4.8507547
-4.27103
-2.0819476
0.39139166
-1.1417586
-0.046154156
-3.7971468
-6.2681375
-10.838964
-11.263245
-10.93535
-14.040649
-16.197872
-17.12353
-12.171089
-7.6833467
-0.020945814
-2.8611612
-7.4326377
-11.869447
-13.102252
-12.99215
-14.095241
-16.199978
-14.925205
-8.491689
-4.8840966
-0.0009374578
-0.020532954
-1.7366751
-2.6751726
-4.261617
-6.800806
-8.773683
-8.726037
-4.4648004
-0.21726978
-0.024061885
-0.0009374578
-0.0009374578
-0.0009374578
-1.1030957
-4.0608673
-8.73705
-12.143863
-10.385345
-4.230074
-0.0009374578
-0.0009374578
0.022017451
-0.25667673
1.1913904
2.1628067
2.3489075
2.415297
1.4470983
0.5335494
0.2345847
0.20737498
0.20737498
-0.31904596
-1.74948
0.14036989
3.322683
3.8709595
4.805327
5.516612
3.5974677
0.77123725
0.20737498
0.20737498
0.11713354
-3.3841977
-6.031177
-2.3221185
0.2428415
2.1137223
6.2690396
7.1129856
2.2536995
0.24915427
0.20737498
0.6552112
-0.4067188
-4.9941874
-5.902802
-5.6972284
-3.5815487
1.2946843
7.3880596
3.9364376
0.28402543
0.20737498
0.25416443
0.5881697
-0.12011758
-1.9274106
-4.4577937
-5.2182546
-1.9460498
5.6783957
4.894552
0.8429017
0.42568883
0.19614027
-0.7621552
0.47237006
3.5484886
3.0940344
-0.8818125
-2.1067426
4.019387
6.5817847
4.4814415
2.2324154
0.23177348
-1.6350794
-3.7763362
0.4920788
2.8296087
1.8179901
-0.17065395
0.63864577
3.2954533
5.2592306
3.8909059
0.22547206
-0.14968586
-5.76349
-5.15551
-3.1197174
-1.0631711
1.3651522
0.113864474
-2.1258698
-0.23369764
2.212198
0.21859184
1.0281315
-1.310884
-4.6815104
-4.5444536
-3.5881815
2.2509708
4.4663463
-0.23864423
-1.5830095
0.19320527
0.20737498
0.2165286
0.6615914
-0.9949979
-3.5936093
-4.113764
1.8595636
6.2287884
2.0060806
0.16549392
0.19103014
0.20737498
0.20737498
0.20737498
0.06556162
-3.4454546
-5.136367
-0.5759731
4.099854
1.3234756
0.20737498
0.20737498
0.35957646
1.056836
-0.30938333
-1.7426032
-2.0885103
-2.3203068
-1.5624954
-0.61097443
-0.066272706
-0.041148134
-0.041148134
0.8792627
3.6267695
2.4798646
-1.0709155
-1.5085479
-2.073814
-4.205527
-3.283401
-0.8169564
-0.041148134
-0.041148134
-0.07653611
2.2586648
4.612261
2.006679
-0.020880861
-1.4676284
-3.8946924
-5.3457294
-2.6709144
-0.06424305
-0.041148134
-0.054107726
0.42547745
1.3033582
1.3701898
2.440048
1.4192042
-1.9736977
-5.398243
-4.0082436
-0.1143161
-0.041148134
-0.057984777
0.36954188
0.2754168
-0.47107857
0.410263
1.0796231
-0.79092336
-5.0695457
-5.0975037
-0.94214195
-0.4071757
-0.007686959
1.9253958
1.6382674
-0.7482638
-1.1030424
-0.3129778
0.074003875
-2.9694636
-4.8708334
-3.82643
-2.431659
-0.047287844
1.8720644
4.1962414
1.478623
-0.6777968
-0.756998
-0.2929303
-1.0928389
-2.3539615
-3.588836
-3.5867062
-0.059451424
0.11291164
3.1429777
3.7404928
1.813969
-0.006651011
-3.271232
-3.5780478
-1.7672895
-1.3428386
-2.5602305
-0.04543888
0.27737147
0.5060806
1.681481
1.957015
0.47185943
-3.193101
-5.454328
-3.130897
-0.9297513
-1.1343861
-0.041148134
-0.042771507
0.20184247
1.3148669
3.6112041
2.3437593
-2.791967
-5.749141
-3.2065184
-0.13224222
-0.06058646
-0.041148134
-0.041148134
-0.041148134
0.31258664
3.4444861
3.393485
-1.883172
-4.272676
-2.1639862
-0.041148134
-0.041148134
-0.035409395
0.46162304
1.1141846
0.7760256
0.78296286
0.1458465
-0.44889176
-0.18091734
-0.17299142
-0.1664411
-0.1664411
-0.20566642
1.4974778
2.6201072
2.0823967
2.205284
1.3240755
0.36497286
-0.7693822
-0.2364593
-0.1664411
-0.1664411
0.52372783
3.848231
2.5723252
-0.20632708
-0.23583211
-0.5987697
-0.3274754
-1.8760762
-0.8399443
-0.18594289
-0.1664411
0.3134153
2.351078
-1.1031408
-4.394614
-4.254307
-2.7848125
-2.8512156
-5.906415
-1.7941598
-0.1840629
-0.1664411
-0.20368214
0.36893657
-0.8680625
-2.3642552
-3.6327147
-1.5395598
-1.5661206
-7.5457616
-3.3155315
-0.30914125
-0.16077876
-0.17331098
0.09910024
1.8752193
1.6134151
2.2773442
5.1296268
1.0437803
-6.2485723
-1.9424062
-0.36048898
-0.98855793
-0.2324896
1.5144924
4.197951
2.756218
3.7900877
5.746074
0.7677653
-5.0831127
-2.001928
-2.8576763
-2.2476335
-0.161287
3.1629293
3.0376906
-1.0925597
-2.0335696
1.2212905
-0.6050229
-5.0929384
-5.5111837
-8.374162
-4.6788187
-0.17818739
1.1491581
0.64714724
-2.5276077
-2.466202
0.7658499
-3.2652144
-9.034611
-7.953286
-7.1044116
-2.996578
-0.1664411
-0.18801346
0.45052233
-0.2469216
3.3054318
3.9211073
-5.890431
-9.165339
-2.036882
-0.2994544
-0.17242098
-0.1664411
-0.1664411
-0.1664411
1.219104
5.366467
2.1090076
-8.46948
-8.485963
-1.5677459
-0.1664411
-0.1664411
-0.39341095
-1.6638434
-1.9702916
-1.0083644
-0.38999385
0.7269956
1.0126865
-0.0002622621
-0.14992988
-0.13579218
-0.13579218
-1.3999435
-6.2114577
-6.0825906
-2.0012858
-0.4463109
1.2485738
2.1727958
2.2583985
0.5537026
-0.13579218
-0.13579218
-1.6545082
-7.539787
-6.622008
-4.2908444
-2.6987653
0.020382222
3.4971058
5.2916274
2.0137115
-0.14124809
-0.13579218
-0.66940075
-3.2793076
-3.8958192
-5.4887147
-5.0856004
-4.605566
1.1549655
7.6466074
3.5521774
-0.114791386
-0.13579218
-0.09573956
-0.68680865
-1.4540992
-2.7647724
-4.722443
-9.032529
-1.6656518
8.75542
4.227789
0.19240277
-0.14964591
-0.13702296
-2.2492528
-4.041756
-2.49393
-4.9262233
-7.9803805
-0.19657187
6.0013247
1.9093999
2.0052094
1.8108431
-0.14461742
-5.3789444
-7.6511
-4.3133936
-3.9117699
-3.457078
0.19536182
2.4630978
1.0740948
4.844002
2.9824817
-0.14557354
-4.4490275
-6.304161
-4.576525
-3.9529827
-3.8319952
1.6475732
4.323507
2.335063
3.7289038
0.5698644
-0.12908499
-1.1604347
-2.8461509
-3.2467358
-7.1813183
-6.610441
6.2937255
7.7972517
0.75279397
-0.17799821
-0.75372803
-0.13579218
-0.103690654
-0.53585976
-2.5664234
-9.653094
-6.149067
8.331458
8.2885275
0.44532624
-0.3059204
-0.1737682
-0.13579218
-0.13579218
-0.13579218
-2.4826283
-7.863668
-3.4551172
7.559275
4.9536223
-0.48650435
-0.13579218
-0.13579218
-0.17222734
-0.118371405
-0.97092795
-2.2011359
-2.4399903
-2.4283965
-1.7616271
-0.92368495
-0.20638034
-0.1475853
-0.1475853
-0.20900483
1.0979648
0.97739774
-1.5897263
-2.7696898
-3.420456
-4.5159035
-3.814281
-1.5246421
-0.1475853
-0.1475853
-0.08427607
2.231933
6.046314
6.668033
4.4248548
2.5844154
-0.5006552
-3.2379355
-3.065731
-0.22437772
-0.1475853
-0.31010827
0.18333478
2.1935453
5.32875
6.7052627
6.6701875
4.177711
-0.89746034
-3.069308
-0.34664902
-0.1475853
-0.15095718
-0.5786647
-1.0831509
-0.057466727
1.3844743
4.1953945
4.0012946
-0.8506054
-3.0000749
-1.234237
-0.6672133
-0.17175443
0.0855753
-0.18453935
-2.5955477
-4.148259
-1.3239281
1.1212094
-0.5545392
-3.2222307
-3.9736266
-3.0214462
-0.19719861
0.54773295
2.9261644
2.9010081
0.9940904
0.8204296
1.2108884
1.619602
1.4355253
-0.59288996
-2.1894145
-0.121677145
0.3849063
3.4606922
6.6090603
6.6813455
4.650084
2.5401945
2.3896618
4.720611
4.4797835
1.5161651
-0.14614418
-0.48882326
-0.13335912
2.1097417
4.289162
4.400824
0.6932123
-2.2448955
-1.3126962
0.4245444
0.43046516
-0.1475853
-0.16214654
-0.39333677
-0.61461675
1.8470578
3.6769938
0.9863053
-1.6373011
-1.6999847
-0.14801544
-0.14767292
-0.1475853
-0.1475853
-0.1475853
-0.10836583
2.117618
4.579758
3.4084423
0.55915797
-0.06482796
-0.1475853
-0.1475853
-0.5422518
-1.7864478
-3.5465975
-5.0902214
-4.8347797
-3.9768217
-2.2961712
-0.92526525
-0.14489941
-0.1344139
-0.1344139
-0.7763914
-3.3314378
-7.5648575
-13.269058
-13.820989
-13.187692
-10.577587
-5.9821353
-1.696006
-0.1344139
-0.1344139
1.4978707
4.65654
2.8908148
-5.9522705
-10.631653
-13.727987
-15.045537
-11.300241
-4.935634
-0.14633323
-0.1344139
1.3577273
7.3411765
10.451037
8.331204
4.790991
-2.497067
-10.430211
-12.119412
-7.640502
-0.28161675
-0.1344139
-0.0016864621
1.9422759
4.045139
6.865321
7.8490925
3.6277514
-4.811739
-11.59486
-9.259435
-1.3926666
-0.56667936
-0.17607862
-2.0410762
-4.408592
-6.8318114
-5.922518
-2.778275
-5.882722
-13.752689
-14.358514
-8.04571
-4.514417
-0.11141091
-0.3968667
-2.2836971
-9.018097
-10.985328
-8.035535
-8.83871
-12.298863
-13.664344
-11.303458
-7.857929
-0.08259208
5.231724
7.7472353
5.1795545
-0.8107259
-4.4446955
-3.4824953
-1.6612538
0.41569152
-1.8335464
-3.509836
-0.123481
2.8512082
7.0100074
8.84129
5.3756585
-0.45224473
-4.7259607
-5.296637
-0.62545985
0.60615635
-0.22071384
-0.1344139
-0.11136495
1.6653223
2.5910597
3.1897995
0.07785721
-9.29565
-11.034858
-4.7487183
-0.13406475
-0.14105016
-0.1344139
-0.1344139
-0.1344139
1.8301517
5.6225944
5.1515446
-5.024119
-7.4187016
-2.4898388
-0.1344139
-0.1344139
0.19865751
0.12615235
0.16390674
0.20271373
0.31522015
0.44957393
0.38242564
0.18713138
0.13488834
0.097757466
0.097757466
0.35069576
0.65947026
0.6788751
1.3109443
1.1944412
0.6381064
1.1243198
0.80058986
0.3704067
0.097757466
0.097757466
0.6717992
1.721306
1.0648916
1.3881365
0.9373483
0.29777667
1.0119166
1.787941
0.7301138
0.14962828
0.097757466
0.83698314
1.9385054
0.55741334
-0.27678108
-0.36658657
-0.57358176
-1.7871221
-0.0030518663
1.1775604
0.17899263
0.097757466
0.20501521
1.0168592
1.2358501
0.67538047
0.056782614
-0.9526189
-2.626041
-1.1641582
0.9047116
0.39279163
0.18685843
0.14464687
0.1383275
0.15178022
0.7897896
1.8751833
1.6194918
-1.3665596
-1.960051
0.58953965
0.9572206
0.7012462
0.11876464
0.89908385
0.58785427
1.7392079
3.2245762
3.489725
0.48247546
-0.81318986
0.72767997
1.8273991
1.825859
0.14879209
1.8138634
1.4674473
0.7462315
0.69879454
0.74838454
-0.55306655
-0.49105597
-0.6070179
-1.4757116
-0.17838907
0.10774769
1.4310079
1.4100765
0.07145046
-0.31549853
-1.6290536
-1.1142766
-0.28886205
-0.9730475
-2.0548525
-0.67743033
0.097757466
0.10545624
0.88983893
0.8701875
1.2949558
-0.18505669
-2.037094
-0.50887895
0.3536628
0.09799894
0.11777768
0.097757466
0.097757466
0.097757466
1.23125
2.4728456
0.14777316
-2.42464
-0.581286
-0.0021621597
0.097757466
0.097757466
-0.51014894
0.24913335
1.2301104
0.3400166
-0.09765269
-1.0906835
-1.4295238
-0.87836665
-0.3651179
-0.36618775
-0.36618775
-0.6218603
0.58837306
3.35784
0.6470247
0.38644677
-0.71999264
-2.1599202
-3.0949907
-1.2282411
-0.36618775
-0.36618775
-0.9877263
0.9149584
4.679692
3.2638474
2.9806845
1.8993053
-0.3615375
-4.152821
-3.3974507
-0.36792296
-0.36618775
-1.0940161
-0.525482
2.899219
4.2068424
4.9467497
5.647895
6.0506606
-2.033343
-5.010826
-0.47946933
-0.36618775
-0.5545877
-1.013758
-0.54630643
0.4236221
2.0847614
6.994713
10.558151
-0.016087294
-5.6197248
-1.1208888
-0.6874309
-0.42173022
-0.1620284
1.4358369
0.1741002
-0.49063474
5.3913097
9.723447
1.910664
-3.3120892
-2.174316
-3.0331132
-0.4403066
-0.24250375
3.7822762
2.7703936
0.7058863
3.8340957
6.369003
2.0342076
-1.1140705
-3.1042
-5.3024044
-0.45554563
-0.50978047
3.8800032
5.3086095
4.328601
6.61653
5.74024
0.44560817
0.895078
-0.16146494
-2.8357346
-0.4041502
-0.8918996
0.41425472
3.1315665
5.2898645
10.610753
5.794968
-3.2798808
-1.1622349
1.2198769
-0.41340345
-0.36618775
-0.41570297
-0.7872259
-0.14628294
4.6337175
11.153838
5.184595
-4.991019
-3.4313424
-0.42319414
-0.3755257
-0.36618775
-0.36618775
-0.36618775
-0.869159
2.7205696
8.168318
2.6976988
-4.2199464
-2.0968816
-0.36618775
-0.36618775
-0.1564201
-0.7674917
-1.4296618
-1.4725943
-1.1897041
-0.6313914
0.009860574
0.11246193
0.007086447
-0.017099636
-0.017099636
-0.07915222
-0.73933923
-2.1703613
-2.3739538
-2.6385503
-2.4510949
-1.7441938
-0.40787348
0.21136609
-0.017099636
-0.017099636
-0.14911841
-0.22624244
-2.2082567
-3.1684968
-3.3136349
-2.936411
-3.2655532
-1.1791363
0.15887707
0.016597936
-0.017099636
-0.231381
-1.0912197
-2.2039962
-3.5168388
-3.8840506
-4.1653113
-4.207828
-2.6707852
0.19733779
0.04342755
-0.017099636
-0.02982964
-0.6242146
-1.8309727
-2.517838
-3.153733
-4.223696
-5.428575
-3.7948859
-0.36599422
0.105625235
0.091360286
-0.022975182
-0.34518042
-1.7425557
-2.7579997
-3.0839286
-3.7375946
-5.143671
-4.871183
-2.3304024
-1.0312145
-0.07314036
-0.059206065
0.066703774
-1.443486
-2.8745937
-2.8772624
-3.7949414
-4.5068727
-3.8096566
-2.710609
-1.896771
0.23069212
-0.024038771
-0.30196092
-1.2084272
-3.1351702
-3.775733
-4.4088593
-5.16661
-3.3267736
-2.0784957
-2.0371847
-0.5516949
-0.020643303
-0.6334325
-1.466427
-2.6489954
-4.0141373
-5.149409
-5.851222
-3.833317
-2.2589407
-1.8375226
-0.77019227
-0.017099636
-0.029013313
-0.4015259
-1.0146334
-2.6818106
-4.8612967
-4.802474
-2.1130219
-0.1232622
-0.09249664
-0.036232978
-0.017099636
-0.017099636
-0.017099636
-0.1444852
-0.99251246
-3.5807776
-3.45269
-1.2823302
-0.041984774
-0.017099636
-0.017099636
0.1305742
0.81257576
0.86919206
0.8538748
0.3421441
-0.057979394
0.42259336
0.15500692
-0.027364977
-0.04290238
-0.04290238
0.29736775
1.8895047
1.0551829
1.7769371
1.2315208
0.8695933
0.15925567
0.9877857
0.520295
-0.04290238
-0.04290238
0.53983986
2.8540413
1.6383779
3.3757646
3.2147684
2.92127
0.1828976
1.415322
1.4211946
-0.018401293
-0.04290238
0.45391595
3.0455093
2.2904074
2.0658536
2.802968
4.6248627
0.36028454
0.30636925
2.051484
-0.006013037
-0.04290238
-0.061928857
0.9306743
1.377872
1.8400992
3.0782723
4.8986635
0.5666984
-0.80433613
1.7755486
0.24015537
0.06812108
-0.08524608
1.5537953
0.92048675
1.6846955
3.8808668
5.341701
1.7620423
0.3532561
1.5319166
0.20514941
0.94499564
-0.08873761
2.3422809
1.4619772
1.5320271
4.006948
5.6449776
3.2130513
1.1593866
0.60916036
0.014555547
1.9219868
-0.045872144
2.6823194
2.9524903
1.527057
4.4467435
4.7405515
2.0589595
3.131626
2.4270122
-0.32812157
1.0128993
-0.049541496
1.401919
2.5948243
2.1549585
4.761539
3.9357104
0.007828309
3.1532028
1.9236995
-1.0690298
-0.558638
-0.04290238
-0.055327907
0.755428
2.0468988
4.7164783
3.0063703
-0.9239693
1.5612252
1.2426411
-0.06595635
-0.04049036
-0.04290238
-0.04290238
-0.04290238
1.1973104
4.1091228
1.6761048
-0.2888422
1.5162536
0.86274165
-0.04290238
-0.04290238
-0.1612341
0.061077822
0.8133918
1.1168411
1.1412318
0.76078486
0.099858135
-0.29432318
-0.1553408
-0.14360446
-0.14360446
-0.20099749
-0.24482308
1.8591188
2.707615
2.7777157
2.6963801
1.835346
0.49132127
-0.2842418
-0.14360446
-0.14360446
-0.34720075
-1.0873644
1.1500916
0.71409017
1.8466033
2.7384486
2.3276339
0.833387
-0.572506
-0.14626276
-0.14360446
-0.4622427
-0.8707114
0.36257133
-1.3157676
-0.24834426
1.3640622
3.6861658
1.6972232
-1.0648087
-0.12984116
-0.14360446
-0.1149531
-0.4840626
-0.7756829
-1.0078831
-0.738699
-0.10855991
4.860545
3.059891
-1.3667202
-0.27511021
-0.26235792
-0.12705761
-0.10864554
1.1301569
1.8801824
1.34989
2.502851
6.6053367
3.7880363
0.3464676
1.3703431
-0.0068098526
-0.1440532
-0.40913895
1.8303292
2.7867424
1.5894917
2.777679
4.751933
3.0859463
0.6417714
0.8857329
-1.5705352
-0.15568043
-1.0959672
0.7867182
0.55563056
0.7819979
1.8381693
3.5067518
1.1812503
-0.35536405
-0.6946902
-2.6213403
-0.13876896
-0.80954504
-0.40291616
0.25305817
-0.44866684
2.943623
5.214815
-0.4944302
-2.0641594
-0.6061219
-0.94730633
-0.14360446
-0.13097225
-0.39569595
-0.050572105
-0.42840004
4.6455913
5.185181
-1.0370865
-1.9793919
-0.24060236
-0.16981561
-0.14360446
-0.14360446
-0.14360446
-0.5485404
-0.6587675
2.961435
2.7377932
-2.5578284
-1.6703717
-0.14360446
-0.14360446
0.27189603
0.13733417
-0.73895335
-1.6328373
-1.8112278
-1.3938247
-0.61501503
0.016462388
0.105373494
0.08835483
0.08835483
1.2494549
3.2071006
3.144422
1.3546996
0.19326738
-1.2382082
-2.3553317
-1.3181707
-0.20904012
0.08835483
0.08835483
0.59780353
4.091394
7.4710603
7.4782486
7.015053
5.6413283
1.7890275
-1.1940261
-1.1919955
0.11093147
0.08835483
-0.39390132
-0.6372393
3.1001058
7.6725135
8.934398
7.8540072
6.4171333
1.7301036
-1.1332091
0.074276544
0.08835483
0.07526128
-1.0835468
-1.2287904
1.2084194
4.6541915
6.2746596
6.3493257
3.0317705
-0.33874282
-0.085357234
0.10697344
0.11385173
0.8717541
0.44614705
-1.5169744
-1.5538921
1.1922314
4.5002356
3.7548075
-0.14246961
-1.6421154
-0.7851949
0.1387661
2.7028894
5.0085635
5.441439
3.2756383
1.3770158
4.277145
7.3805304
6.3098736
1.9010234
-0.15186049
0.10021177
0.08195071
3.9641852
8.0076475
7.553493
4.988584
3.5116093
4.5251684
6.547336
5.0650735
1.6319091
0.085075416
-1.3465812
-0.5313158
3.936364
5.875714
5.3472557
3.0659084
0.46994692
2.0838583
4.17417
2.6959856
0.08835483
0.0789341
-0.7314865
0.49108732
3.6073558
5.0750046
4.722159
2.7852552
0.77539945
0.15412633
0.10543948
0.08835483
0.08835483
0.08835483
0.57702625
2.7161195
5.3034244
6.087023
3.6634524
0.5215011
0.08835483
0.08835483
-0.03912265
-0.005706532
-0.74155957
-0.9234911
-1.0375526
-1.0206246
-0.97563595
-0.44852203
0.006505397
0.020029718
0.020029718
-0.40829617
-2.0971901
-4.7752132
-7.690343
-7.1102104
-6.250563
-4.921581
-2.8278615
-0.7555186
0.020029718
0.020029718
-0.28521198
-1.2765468
-2.321403
-7.4802938
-9.838942
-10.723255
-9.62187
-7.5558224
-2.5802062
0.012433287
0.020029718
0.889917
3.6280127
7.0283895
6.123415
2.562072
-1.7906579
-4.524107
-6.3026085
-4.6407924
-0.060732175
0.020029718
0.19930813
2.1617706
5.2503877
8.110056
9.402401
6.3397183
1.8814692
-4.0487742
-4.9412465
-0.78986883
-0.28437823
0.027708566
-0.06797944
-0.88973594
-0.8780204
0.089708656
1.2964886
0.5380022
-4.240643
-6.3625774
-3.7526891
-2.0591495
-0.022927238
-1.5538404
-4.0049973
-8.3231
-10.21839
-6.898267
-4.77268
-7.3657746
-10.666935
-8.98443
-5.6779737
0.023532562
0.18393305
1.966868
0.89496773
-2.3972476
-3.335341
-3.2046611
-2.8350086
-1.0699338
-0.17774168
-1.7362157
0.043504458
2.0077376
5.0766993
8.571859
7.298009
3.772377
1.6327229
1.6092606
6.25199
6.2370906
2.3744323
0.020029718
0.06580506
1.4971899
3.3756835
3.7294433
1.7461742
-2.6234682
-4.621251
-2.3229756
0.17224939
0.053390887
0.020029718
0.020029718
0.020029718
0.07501744
0.8549626
1.3256927
-1.8228741
-3.3918085
-1.562059
0.020029718
0.020029718
0.27226526
1.4846662
2.2032588
0.9713207
0.32223582
-0.6627934
-0.8713922
-0.3204403
0.013287735
0.0212128
0.0212128
0.08358563
1.0601
1.0558444
-1.0427006
-0.5390728
0.24465884
-0.84316444
-1.7630442
-0.45134747
0.0212128
0.0212128
-1.1225197
-3.7541585
-3.8621855
-2.1168206
-1.6361467
-1.4853904
-0.531656
-2.0600882
-0.9077086
0.0035389897
0.0212128
-0.1810324
-1.7480568
-2.4720259
-2.5178158
-2.3454292
-0.86844254
0.71672714
-1.109115
-1.05504
0.01517252
0.0212128
0.07046314
0.24098696
0.7589813
-0.11758091
-0.058612797
1.2315739
0.09440554
-0.9641833
-0.5352586
-0.19254097
-0.2015418
0.013389434
1.6738564
3.1235988
1.6892898
0.40812263
-2.1744573
-2.2159908
1.0962002
1.4317813
-1.2187155
-1.4583603
-0.018479463
-0.68155783
-0.85834473
-2.2567525
-2.7992609
-3.693758
-3.065377
-2.438647
-2.1461794
-2.1617846
-0.8846715
0.016530104
-2.5101807
-4.387328
-3.4906654
-2.3884854
-0.34236357
-3.8066294
-5.73872
-2.4228015
1.2881211
2.1066263
0.028363453
-0.23743641
-1.125829
-0.83623326
0.8044418
1.2541339
-1.9027901
-0.5816541
2.3573802
1.9832953
0.41227147
0.0212128
0.032728933
-0.008056778
0.11048426
-0.16842756
-2.0497618
-2.1091697
-0.80233437
0.6740786
0.03440367
0.024043402
0.0212128
0.0212128
0.0212128
-1.2387697
-3.3029346
-3.8399043
-1.6638085
1.1258451
1.0853537
0.0212128
0.0212128
-1.0213666
-2.590474
-2.8249826
-1.4718257
-0.7057371
0.7121644
0.78787607
0.28381607
-0.40564442
-0.42531204
-0.42531204
-1.3326814
-3.5853624
-0.9825896
1.5407946
0.99225867
-0.09095599
1.1095382
1.7332335
0.7484371
-0.42531204
-0.42531204
-0.057036303
1.3780382
3.618793
2.207502
2.3412752
2.593779
1.1960119
1.71144
0.9368888
-0.40231177
-0.42531204
-0.12393369
1.7313415
1.7324024
-0.95612735
-0.25304615
-0.70095307
-1.6477869
0.70001733
0.37671506
-0.40283343
-0.42531204
-0.4169867
-0.29478136
-1.2015553
-0.7931602
-1.8599604
-4.391226
-1.6059824
-0.071272254
-0.76310503
-0.11612756
-0.020676564
-0.4577779
-3.0343957
-4.503175
-2.4752252
-1.7388338
0.99204814
2.067826
-3.4157426
-3.4541435
2.0182955
1.8603638
-0.4766605
-1.8417836
0.0323575
1.8214909
3.2425017
4.648856
2.750756
1.6190252
3.0163598
4.574063
0.9923771
-0.4211251
1.6492908
2.8001957
1.1299984
1.2124783
0.3027738
3.5321617
6.081612
2.0231678
-3.1628304
-3.838217
-0.42983863
0.3497241
0.5209569
-0.07460241
-4.5072956
-2.2953374
2.853979
-0.09314953
-3.7749732
-4.369463
-2.1347547
-0.42531204
-0.43145406
-0.011160083
-1.7177404
-2.5635507
1.7692213
3.38237
0.38627756
-1.3322718
-0.4891086
-0.42132372
-0.42531204
-0.42531204
-0.42531204
0.039086692
1.456661
4.8051353
3.769848
-2.4449182
-2.1156294
-0.42531204
-0.42531204
0.21537562
0.7161829
-0.05488103
-0.3140061
-0.46179742
-0.37044016
0.0016462696
0.20000051
0.21257891
0.1888616
0.1888616
0.64848095
2.2358565
0.94110936
-0.8685176
-1.2832938
-1.5288795
-1.7821728
-0.7476331
0.14865313
0.1888616
0.1888616
0.03108373
1.8032418
2.2853148
1.296986
0.22208801
-0.4111979
-2.1646774
-2.1709914
-0.5094029
0.2284097
0.1888616
-0.087354556
-0.24344464
0.7072694
1.48665
1.6751226
1.208595
0.2902235
-2.0815833
-0.7901902
0.20777658
0.1888616
0.17728813
0.04341633
-0.24221578
0.19223705
1.0331969
1.7793691
1.2979665
-1.9492098
-0.8982747
0.1500925
0.24328591
0.22349055
1.0502238
0.32359618
-0.81002504
-1.1986926
0.64316195
1.0859814
-1.6000367
-1.2856522
-1.2240177
-0.30114785
0.20601541
1.5619887
2.4354076
0.8258944
-1.041751
-1.0494549
-0.41834065
0.2993061
0.17064123
-2.014706
-1.5580128
0.17251539
-0.29157963
2.1375554
1.540135
1.1409737
-0.11495707
-1.7272822
-0.87365496
0.8010746
-0.0074008745
-0.38923064
0.1820038
-0.23674054
0.013271833
0.99460757
1.5888765
0.9326602
-1.2359062
-1.8935763
0.11419318
0.62773615
0.6567637
0.1888616
0.16986266
0.012248683
0.50929135
1.8638052
2.000364
-1.0048708
-1.9700717
-0.30873936
0.20301624
0.19056559
0.1888616
0.1888616
0.1888616
0.08601037
2.0648525
1.580705
-0.16835405
-1.5818132
-0.16204919
0.1888616
0.1888616
-0.21222995
-0.22483939
-0.10971176
0.10717228
0.020864232
-0.09074334
-0.099532425
-0.20738323
-0.1930934
-0.18682382
-0.18682382
0.16447811
0.5907561
-0.16616505
-0.8710164
-1.1837674
-1.3714675
-0.99686193
-0.37354103
-0.15759464
-0.18682382
-0.18682382
0.87019974
3.1602547
2.0745702
-0.9369416
-1.6272128
-2.28293
-4.4495173
-2.7246926
-0.65483266
-0.20809473
-0.18682382
-0.035600487
1.7313281
4.423057
4.0851703
2.359361
1.0530465
-2.1658845
-3.7729547
-2.2329555
-0.21952844
-0.18682382
-0.29374534
-0.40130875
0.79932797
2.8265116
4.667797
4.7809024
1.2608559
-2.7931192
-3.0068023
-0.32757518
-0.23483866
-0.21068266
0.061027974
0.009960304
-0.2059019
1.9633718
4.4933915
2.245276
-2.2052665
-2.7254646
-0.4927893
-0.2578742
-0.1737485
1.6848489
1.2223089
-0.6497712
-1.1338549
0.16731003
0.8701511
-0.65137523
-3.4294155
-4.1585584
-2.476595
-0.1666961
2.0186617
3.9451668
2.3869784
0.43564665
-0.10301112
0.20790398
0.80853176
-0.80965567
-2.7142653
-2.718236
-0.20688026
-0.13389744
2.3258271
4.092599
4.4397454
2.947983
-0.6215491
-1.3408546
0.871913
1.9247874
0.42151707
-0.18682382
-0.23242237
-0.3874955
1.2276331
3.9106283
3.3550165
-1.3459309
-3.2013261
-1.8693889
-0.08522659
-0.14959164
-0.18682382
-0.18682382
-0.18682382
1.0614026
2.9911792
2.2882345
-1.9537113
-3.4091046
-1.8393222
-0.18682382
-0.18682382
-0.14011894
0.25928158
0.38920534
-0.5029708
-0.70738167
-0.9841057
-1.1815963
-0.5667447
-0.17041667
-0.1589787
-0.1589787
0.23322242
2.3766167
2.3576527
-0.82741517
-1.5502291
-2.4349725
-2.8712587
-2.6170497
-0.9292103
-0.1589787
-0.1589787
0.88925487
4.303379
2.6594162
0.059440903
-0.5683145
-2.4354463
-4.1957264
-4.8010955
-2.4987624
-0.17182595
-0.1589787
0.3824559
2.6587772
2.8289604
3.235136
2.642667
1.2371515
-1.8812196
-5.4455304
-3.7251005
-0.22520399
-0.1589787
-0.19096512
0.31118527
1.1327028
2.4844127
3.1665587
5.279008
1.4295034
-5.7179327
-4.0621743
-0.6624799
-0.38755122
-0.19211808
0.3330433
1.3830091
-0.08783491
1.8256586
4.722336
0.6407319
-4.6903167
-3.010943
-2.3668485
-2.0894935
-0.16922458
2.4058502
3.150684
0.49331212
0.2565805
0.801806
-0.3493319
-2.4577067
-2.5615377
-5.174035
-3.6149251
-0.14436685
3.3010533
3.025103
2.2137563
0.8754599
1.8356816
0.029050475
-3.0495057
-2.1585226
-3.57411
-1.3833278
-0.17557606
0.92617065
2.058308
2.6656635
4.3582773
4.7407064
-2.0590956
-4.9129214
-0.96270657
0.446116
0.5089584
-0.1589787
-0.1951131
0.32966107
1.1405132
6.5547986
4.9999604
-4.3405523
-5.4501386
-1.083108
-0.043739203
-0.12965144
-0.1589787
-0.1589787
-0.1589787
1.5262802
5.1479073
3.5321352
-4.8462424
-3.66374
-0.3104143
-0.1589787
-0.1589787
-0.019496044
0.17271762
-0.63379836
0.3787533
0.47471955
0.67622477
0.8825256
0.4807497
0.032268774
-0.0017833129
-0.0017833129
-0.2628697
-0.8948235
-0.72222716
1.963237
1.8281256
1.7127141
1.4798346
2.2431276
0.8075543
-0.0017833129
-0.0017833129
-0.23518573
-0.6394241
0.68749034
0.41259342
0.58815217
2.338518
1.6676313
2.2325528
1.8475121
0.049299955
-0.0017833129
-0.43769807
-1.1378958
0.038240846
-1.0632709
-0.47091046
0.5761794
-0.3182077
1.6516559
1.9967753
0.10606181
-0.0017833129
-0.08697644
-0.49851358
-1.1400043
-1.3328297
-0.29447868
-1.5548815
-0.7543765
1.8282899
1.3794422
0.41086897
0.30624235
-0.03420014
0.19601664
-1.4025276
-0.32951504
0.27188164
0.4248893
1.5792049
1.1487716
0.31995052
1.5840703
2.1448112
-0.051316094
-0.31121054
-0.76270705
0.5176355
1.272159
1.7191194
1.2330339
1.228184
1.4349414
3.3307464
2.2462337
-0.024360463
-0.73761666
0.18570352
-0.8950993
0.9475953
-0.811999
-0.48142365
2.877506
1.6456482
0.3289933
-1.1504961
-0.018113099
-0.89494556
-1.1459203
-0.65127456
-1.1538103
-2.0101082
-0.34298867
1.3501567
-0.3611297
-0.6192715
-0.21253403
-0.0017833129
-0.03267309
-0.5468941
-0.6481717
-1.9976109
-0.5846161
1.2524734
2.5466473
0.82025087
0.06865187
0.011229609
-0.0017833129
-0.0017833129
-0.0017833129
-0.50635517
-1.3254373
-0.11479114
2.435938
0.81907815
-0.30989683
-0.0017833129
-0.0017833129
