0.04369364
0.21879727
0.37683907
-0.34740075
-0.21728627
-0.03115584
-0.098283455
-0.16184483
-0.28532508
0.26675847
0.10933683
-0.4266318
0.1359784
0.16728866
-0.24614426
-0.060962066
0.2968785
-0.021880865
-0.21422677
0.08917778
-0.01709097
0.030812006
-0.16099313
-0.25871128
0.04917947
0.018521389
0.28727484
-0.1242474
-0.22208892
-0.15682608
-0.054537497
-0.17855406
-0.22487405
0.40406254
0.4153516
0.13668156
-0.12848891
-0.31286833
-0.14241399
0.4504391
-0.32385996
0.25282323
0.41025195
-0.13870655
-0.107659385
0.3142422
0.4850518
0.38297552
0.42870215
-0.16065593
0.1394474
0.30169472
-0.27172145
0.25088087
0.498366
0.55500025
0.5369367
0.31800994
-0.09167917
-0.047364205
-0.49128297
-0.48003414
-0.3894551
0.115891516
0.5437035
0.3416476
0.38622397
0.6352993
0.34844086
0.13666196
0.41487062
0.38972548
-0.0011948724
-0.25559995
-0.23447761
-0.08376822
-0.063672245
0.09752728
0.4589759
-0.10159229
0.15857266
-0.1307734
0.30225506
0.26618186
-0.2769646
0.52493006
0.48892972
0.17681229
0.49262208
0.05409864
0.42691705
0.5505241
0.10077438
0.20192279
0.28925613
0.6495614
-0.41998369
-0.41372633
0.07916011
0.23645599
-0.09453842
-0.030800177
0.07124321
0.0598366
0.23261267
0.14394957
-0.29043958
-0.3694189
0.3418497
-0.13862793
0.43760294
0.3546045
0.32122567
0.26214653
-0.2634924
-0.3276186
-0.3386603
-0.23920986
0.46889994
0.24729991
0.30113533
0.3629733
0.0910275
-0.30132443
0.34538972
0.34805268
0.10145498
-0.05008934
0.3749295
0.009897446
0.20321278
0.41875404
-0.34982654
-0.33774754
0.12082146
0.4610485
0.43084812
0.31842566
0.6563092
0.042017635
-0.41754985
0.45522368
0.2725611
-0.513502
